%YAML:1.0
kmeans_result: !!opencv-matrix
   rows: 100
   cols: 128
   dt: f
   data: [ 8., 39., 26., 26., 18., 0., 2., 0., 4., 41., 32., 0., 3., 0.,
       1., 8., 1., 0., 0., 64., 0., 0., 1., 61., 0., 0., 29., 52., 1.,
       1., 0., 1., 0., 34., 0., 25., 65., 3., 2., 0., 35., 52., 28., 5.,
       65., 6., 2., 4., 20., 0., 35., 25., 22., 29., 6., 12., 0., 0.,
       38., 1., 11., 6., 60., 0., 0., 1., 2., 15., 5., 41., 6., 3., 0.,
       2., 0., 0., 62., 10., 1., 64., 0., 12., 0., 0., 0., 1., 47., 2.,
       1., 0., 21., 0., 36., 1., 1., 0., 2., 24., 5., 8., 6., 2., 0.,
       12., 9., 13., 14., 0., 5., 0., 0., 25., 14., 7., 16., 14., 0., 3.,
       0., 0., 3., 8., 0., 8., 0., 4., 2., 21., 0., 0., 0., 1., 1., 0.,
       0., 1., 4., 3., 1., 4., 1., 0., 0., 3., 25., 4., 10., 26., 2., 0.,
       65., 4., 0., 4., 2., 11., 55., 46., 0., 0., 0., 19., 0., 24., 1.,
       43., 0., 23., 0., 32., 0., 0., 0., 7., 5., 0., 11., 8., 27., 0.,
       14., 0., 56., 1., 31., 4., 62., 5., 17., 22., 20., 10., 2., 0.,
       16., 1., 1., 0., 0., 4., 23., 7., 7., 43., 0., 0., 13., 8., 42.,
       12., 17., 3., 0., 37., 19., 11., 31., 24., 0., 13., 29., 3., 1.,
       0., 42., 12., 0., 58., 0., 0., 14., 2., 0., 7., 4., 12., 3., 1.,
       19., 22., 3., 35., 0., 9., 2., 1., 15., 26., 54., 28., 25., 3.,
       15., 59., 1., 15., 32., 5., 0., 10., 3., 0., 18., 13., 3., 3., 0.,
       0., 0., 0., 1., 0., 0., 5., 4., 6., 6., 3., 1., 57., 4., 5., 23.,
       0., 1., 20., 33., 64., 3., 18., 0., 0., 1., 12., 1., 2., 66., 0.,
       26., 0., 0., 1., 10., 0., 20., 32., 47., 0., 1., 0., 12., 10.,
       13., 0., 64., 43., 25., 9., 8., 0., 5., 10., 2., 6., 27., 1., 4.,
       7., 53., 34., 3., 2., 1., 1., 0., 0., 5., 41., 4., 2., 27., 0.,
       30., 3., 0., 0., 7., 0., 2., 0., 25., 0., 0., 0., 25., 0., 0., 1.,
       0., 20., 13., 19., 64., 13., 1., 4., 32., 14., 64., 3., 42., 0.,
       0., 41., 5., 4., 0., 0., 9., 0., 2., 16., 26., 1., 0., 0., 13.,
       50., 15., 12., 4., 0., 3., 13., 0., 17., 15., 0., 59., 1., 1.,
       16., 26., 1., 25., 33., 22., 0., 0., 12., 22., 52., 0., 15., 15.,
       3., 9., 1., 0., 0., 0., 18., 0., 13., 4., 12., 57., 18., 18., 45.,
       6., 10., 9., 0., 0., 0., 0., 5., 0., 0., 62., 0., 1., 60., 3., 0.,
       3., 0., 2., 0., 1., 0., 1., 1., 0., 12., 6., 4., 19., 51., 17.,
       7., 2., 18., 4., 5., 4., 0., 1., 0., 6., 21., 1., 65., 0., 40.,
       49., 15., 1., 6., 0., 0., 0., 57., 0., 43., 11., 0., 14., 2., 14.,
       52., 0., 4., 1., 0., 2., 13., 16., 5., 15., 0., 0., 5., 0., 22.,
       24., 2., 1., 0., 21., 14., 1., 37., 24., 3., 15., 7., 0., 4., 22.,
       21., 5., 15., 3., 2., 16., 7., 9., 22., 5., 3., 31., 4., 0., 1.,
       17., 0., 10., 18., 28., 9., 33., 6., 26., 16., 32., 8., 20., 23.,
       5., 65., 28., 0., 11., 53., 3., 11., 15., 17., 0., 15., 14., 24.,
       0., 69., 51., 4., 0., 56., 11., 15., 13., 28., 33., 4., 20., 7.,
       8., 5., 11., 0., 23., 11., 2., 16., 12., 0., 8., 0., 19., 0., 51.,
       2., 35., 7., 0., 46., 2., 14., 0., 23., 10., 13., 1., 0., 0., 21.,
       16., 22., 6., 44., 25., 0., 1., 44., 9., 19., 5., 0., 0., 0., 6.,
       24., 15., 0., 0., 2., 0., 3., 0., 9., 26., 15., 3., 8., 4., 2.,
       2., 25., 66., 18., 0., 0., 0., 2., 0., 0., 58., 5., 41., 0., 14.,
       14., 6., 32., 2., 4., 4., 10., 0., 0., 2., 2., 3., 21., 9., 0.,
       0., 0., 66., 0., 4., 0., 0., 0., 0., 0., 12., 53., 0., 35., 18.,
       12., 0., 1., 0., 0., 18., 3., 1., 3., 3., 0., 16., 0., 3., 0., 0.,
       5., 0., 1., 36., 1., 4., 3., 6., 1., 5., 3., 5., 11., 1., 14., 3.,
       7., 3., 20., 1., 6., 0., 22., 16., 0., 2., 2., 0., 27., 14., 0.,
       0., 46., 1., 17., 2., 1., 3., 24., 5., 16., 13., 33., 64., 68.,
       0., 7., 12., 1., 0., 17., 2., 0., 0., 2., 1., 3., 14., 1., 34.,
       11., 33., 3., 65., 2., 2., 7., 5., 26., 16., 0., 11., 2., 62., 0.,
       17., 56., 1., 0., 0., 0., 0., 3., 11., 55., 0., 6., 0., 0., 13.,
       0., 0., 2., 15., 25., 13., 0., 11., 33., 11., 58., 21., 0., 26.,
       0., 0., 13., 0., 0., 8., 2., 23., 0., 0., 63., 6., 31., 4., 4.,
       15., 10., 64., 7., 0., 9., 13., 61., 0., 27., 0., 0., 45., 0., 0.,
       0., 2., 0., 30., 0., 2., 1., 7., 23., 0., 2., 24., 0., 0., 3., 0.,
       16., 0., 7., 9., 0., 18., 7., 0., 53., 2., 0., 14., 27., 0., 4.,
       0., 0., 15., 0., 0., 0., 17., 0., 39., 11., 14., 6., 8., 39., 23.,
       3., 2., 56., 4., 1., 1., 12., 10., 1., 12., 3., 26., 11., 3., 0.,
       14., 9., 0., 1., 23., 0., 0., 42., 6., 29., 0., 10., 30., 0., 9.,
       4., 3., 23., 0., 39., 3., 0., 29., 21., 0., 13., 1., 18., 12., 1.,
       4., 0., 25., 12., 0., 68., 0., 2., 34., 0., 9., 1., 6., 8., 4.,
       22., 1., 17., 6., 0., 14., 16., 0., 1., 15., 2., 3., 16., 9., 10.,
       6., 15., 1., 11., 13., 6., 20., 16., 30., 0., 20., 6., 21., 9.,
       5., 8., 40., 2., 13., 13., 5., 5., 1., 1., 0., 0., 67., 16., 3.,
       4., 63., 16., 17., 68., 0., 10., 3., 9., 2., 41., 0., 18., 12.,
       54., 25., 30., 1., 14., 1., 5., 0., 18., 13., 11., 16., 14., 32.,
       3., 13., 0., 42., 22., 15., 2., 5., 5., 15., 6., 10., 6., 26., 0.,
       0., 6., 47., 57., 2., 6., 5., 0., 2., 5., 4., 16., 18., 25., 1.,
       1., 0., 8., 0., 5., 52., 1., 24., 10., 0., 40., 23., 0., 0., 1.,
       0., 9., 1., 2., 0., 25., 19., 18., 45., 6., 17., 14., 0., 1., 9.,
       0., 6., 10., 0., 15., 0., 15., 6., 19., 67., 0., 2., 11., 36., 1.,
       27., 4., 1., 15., 0., 10., 0., 19., 0., 0., 13., 36., 0., 3., 19.,
       2., 0., 42., 2., 15., 0., 27., 1., 18., 1., 17., 60., 2., 0., 0.,
       22., 0., 3., 36., 5., 0., 44., 0., 60., 4., 23., 0., 21., 1., 13.,
       0., 8., 16., 0., 9., 0., 0., 1., 18., 14., 7., 40., 6., 52., 0.,
       1., 0., 8., 0., 0., 2., 7., 4.35000000e+001, 3., 7.,
       3.50000000e+000, 0., 0., 0., 3., 2.85000000e+001, 13.,
       3.05000000e+001, 0., 21., 2.45000000e+001, 5.00000000e-001,
       9.50000000e+000, 13., 1., 22., 1., 4.50000000e+000, 7., 0.,
       1.45000000e+001, 0., 14., 15., 5., 7.50000000e+000, 0., 0.,
       3.05000000e+001, 5.00000000e-001, 11., 2., 10., 1.75000000e+001,
       5.00000000e-001, 3.55000000e+001, 3., 8.50000000e+000, 0.,
       2.05000000e+001, 15., 0., 3.50000000e+000, 0., 1., 9., 12.,
       1.15000000e+001, 15., 2., 1., 2.95000000e+001, 9.,
       1.05000000e+001, 6.50000000e+000, 5.00000000e-001, 10., 0., 2.,
       0., 3.95000000e+001, 32., 1.15000000e+001, 5., 6., 4., 20.,
       4.65000000e+001, 6.50000000e+000, 31., 32., 13., 6.,
       1.85000000e+001, 7.50000000e+000, 4.50000000e+000,
       5.00000000e-001, 7., 1.50000000e+000, 1.50000000e+000, 0., 15.,
       6., 30., 30., 17., 9.50000000e+000, 4.50000000e+000, 12., 3., 21.,
       2., 7., 0., 7., 2.50000000e+000, 1.85000000e+001, 0.,
       3.65000000e+001, 0., 5.00000000e-001, 1.75000000e+001, 21., 1.,
       0., 7.50000000e+000, 0., 9.50000000e+000, 1.50000000e+000, 1.,
       3.85000000e+001, 6.50000000e+000, 2.05000000e+001,
       8.50000000e+000, 14., 5.00000000e-001, 8.50000000e+000, 9., 21.,
       14., 15., 30., 1., 1., 40., 0., 18., 8., 10., 0., 0., 9., 44., 0.,
       23., 1., 30., 3., 20., 20., 0., 68., 1., 4., 20., 0., 0., 30.,
       10., 40., 0., 21., 0., 0., 0., 26., 6., 2., 22., 6., 0., 15., 0.,
       13., 20., 7., 0., 10., 1., 1., 0., 14., 0., 15., 18., 5., 3., 6.,
       7., 3., 0., 22., 14., 1., 9., 0., 6., 66., 21., 0., 1., 1., 2.,
       6., 7., 2., 0., 11., 3., 11., 69., 1., 1., 5., 0., 0., 7., 0.,
       14., 21., 9., 2., 10., 25., 29., 0., 13., 46., 14., 25., 18., 5.,
       10., 7., 0., 10., 17., 7., 3., 1., 2., 0., 8., 0., 4., 12., 1.,
       1., 1., 20., 1., 5., 10., 68., 1., 5., 16., 63., 21., 17., 15.,
       4., 5., 0., 12., 0., 0., 0., 8., 4., 9., 20., 5., 14., 20., 65.,
       0., 0., 5., 0., 1., 47., 3., 14., 1., 33., 24., 9., 0., 2., 23.,
       23., 60., 2., 0., 14., 0., 0., 20., 0., 27., 0., 0., 48., 0., 41.,
       8., 29., 8., 0., 3., 0., 5., 23., 0., 0., 39., 10., 43., 0., 0.,
       24., 6., 0., 0., 0., 25., 0., 13., 0., 0., 2., 2., 0., 19., 14.,
       7., 0., 7., 0., 0., 18., 10., 2., 0., 21., 1., 7., 2., 3., 19.,
       1., 2., 19., 0., 0., 9., 2., 19., 35., 3., 54., 14., 13., 6., 24.,
       8., 3., 9., 0., 2., 49., 0., 10., 38., 2., 0., 0., 43., 1., 16.,
       21., 56., 1., 0., 0., 22., 5., 0., 10., 0., 11., 8., 4., 0., 22.,
       30., 2., 9., 66., 9., 10., 0., 7., 9., 0., 8., 3., 0., 2., 0., 0.,
       12., 21., 10., 8., 1., 0., 63., 2., 0., 10., 9., 0., 1., 12., 7.,
       42., 0., 0., 0., 0., 37., 0., 38., 0., 6., 12., 23., 0., 1., 0.,
       55., 0., 20., 8., 3., 59., 29., 3., 5., 0., 8., 4., 20., 39., 1.,
       1., 11., 21., 6., 16., 3., 0., 0., 22., 0., 0., 5., 0., 17., 8.,
       11., 5., 12., 55., 0., 13., 7., 18., 3., 0., 5., 0., 0., 10., 1.,
       7., 33., 0., 11., 1., 5., 20., 15., 48., 3., 16., 0., 0., 22.,
       60., 6., 4., 18., 0., 5., 4., 2., 1., 9., 0., 47., 0., 0., 2., 5.,
       0., 2., 10., 23., 1., 26., 12., 23., 38., 19., 0., 0., 1., 4., 4.,
       0., 11., 5., 14., 0., 27., 2., 49., 37., 14., 4., 47., 0., 50.,
       10., 5., 5., 43., 14., 47., 1., 0., 10., 3., 16., 13., 50., 17.,
       68., 1., 2., 2., 8., 2., 5., 17., 18., 12., 6., 19., 6., 17., 5.,
       28., 17., 33., 26., 23., 19., 9., 5., 41., 0., 0., 1., 4., 0., 1.,
       1., 1., 1., 0., 7., 0., 16., 10., 9., 7., 21., 38., 44., 8., 27.,
       0., 0., 0., 1., 2., 4., 28., 18., 2., 0., 0., 43., 0., 0., 0., 0.,
       0., 0., 0., 0., 0., 4., 0., 0., 7., 13., 14., 8., 1., 9., 0., 0.,
       1., 4., 0., 1., 4., 13., 7., 8., 23., 5., 54., 6., 0., 27., 0.,
       7., 16., 0., 2., 2., 11., 2., 8., 30., 0., 0., 0., 1., 0., 0., 3.,
       19., 18., 63., 30., 19., 14., 27., 0., 6., 12., 5., 1., 1., 4.,
       0., 24., 0., 5., 15., 24., 0., 18., 18., 0., 2., 0., 20., 14.,
       44., 0., 14., 0., 0., 5., 13., 12., 3., 0., 0., 15., 13., 21.,
       13., 0., 8., 2., 5., 0., 8., 52., 0., 4., 0., 0., 56., 39., 0.,
       0., 0., 0., 0., 0., 56., 13., 0., 6., 3., 0., 0., 5., 13., 0., 0.,
       0., 27., 0., 3., 0., 0., 0., 19., 4., 2., 40., 0., 3., 0., 0., 1.,
       12., 38., 60., 0., 31., 0., 9., 0., 0., 0., 0., 1., 2., 0., 0.,
       48., 40., 55., 1., 0., 0., 0., 14., 8., 39., 17., 1., 7., 64., 5.,
       8., 16., 0., 7., 3., 6., 3., 7., 26., 2., 2., 0., 0., 65., 12.,
       13., 6., 29., 22., 8., 25., 6., 0., 20., 9., 0., 5., 0., 10., 1.,
       12., 3., 6., 14., 3., 0., 5., 2., 0., 0., 5., 4., 8., 0., 0., 40.,
       0., 0., 14., 0., 6., 7., 6., 1., 1., 0., 0., 0., 2., 1., 2., 0.,
       0., 10., 0., 0., 60., 4., 7., 42., 0., 0., 0., 2., 63., 30., 1.,
       13., 11., 0., 7., 21., 1., 16., 7., 17., 3., 22., 26., 5., 1., 2.,
       40., 5., 60., 19., 0., 11., 3., 8., 2., 18., 7., 7., 0., 5., 12.,
       2., 8., 7., 29., 0., 0., 42., 0., 4., 0., 8., 3., 0., 0., 0., 4.,
       4., 4., 16., 27., 1., 0., 0., 0., 4., 6., 15., 2., 30., 0., 18.,
       15., 0., 15., 0., 0., 0., 1., 3., 34., 0., 0., 0., 33., 10., 12.,
       0., 24., 22., 0., 2., 15., 1., 0., 0., 0., 2., 40., 0., 21., 16.,
       60., 6., 1., 7., 16., 19., 0., 0., 1., 0., 0., 0., 0., 3., 0., 8.,
       19., 1., 9., 2., 3., 0., 52., 0., 0., 0., 7., 29., 9., 25., 5.,
       15., 24., 0., 13., 0., 6., 4., 2., 0., 3., 16., 0., 7., 0., 0.,
       0., 0., 11., 0., 0., 0., 5., 27., 32., 0., 20., 41., 0., 63., 0.,
       38., 59., 23., 0., 0., 33., 28., 0., 45., 21., 7., 41., 52., 0.,
       0., 1., 38., 11., 0., 22., 0., 1., 0., 0., 42., 5., 52., 10., 5.,
       0., 4., 35., 0., 4., 0., 8., 11., 2., 0., 18., 4., 0., 0., 55.,
       1., 28., 14., 8., 4., 4., 9., 16., 23., 4., 0., 3., 16., 0., 0.,
       12., 6., 20., 0., 4., 2., 0., 0., 2., 3., 4., 39., 3., 0., 0., 6.,
       0., 0., 5., 0., 1., 0., 0., 1., 32., 5., 3., 0., 8., 45., 4., 5.,
       15., 16., 6., 3., 6., 0., 8., 2., 34., 38., 11., 11., 0., 2., 0.,
       14., 0., 27., 0., 2., 15., 21., 0., 6., 4., 6., 4., 20., 2., 3.,
       11., 0., 1., 30., 2., 8., 62., 40., 12., 16., 0., 11., 54., 38.,
       8., 54., 0., 24., 0., 20., 0., 5., 9.66666698e+000,
       1.43333340e+001, 3.66666675e+000, 1.23333340e+001,
       5.66666698e+000, 2.16666679e+001, 17., 26., 1., 4.66666698e+000,
       9.66666698e+000, 1.33333340e+001, 6.66666698e+000, 6.,
       1.26666670e+001, 6.33333349e+000, 2.13333340e+001,
       3.23333359e+001, 1.26666670e+001, 4., 3.33333349e+000,
       9.66666698e+000, 9.33333397e+000, 2., 2.63333340e+001,
       5.66666698e+000, 1.26666670e+001, 11., 9.33333397e+000, 11.,
       1.53333340e+001, 3., 1.16666670e+001, 7.33333349e+000,
       4.33333349e+000, 1.43333340e+001, 9.66666698e+000,
       1.33333337e+000, 5., 12., 1.13333340e+001, 3.66666675e+000,
       3.33333343e-001, 1.43333340e+001, 3., 7., 2., 2.33333349e+000, 2.,
       1.46666670e+001, 5.66666698e+000, 1.63333340e+001, 5.,
       1.73333340e+001, 1.36666670e+001, 1.66666675e+000,
       2.33333340e+001, 1.66666679e+001, 4.66666698e+000,
       1.66666679e+001, 4.66666698e+000, 2.03333340e+001,
       1.53333340e+001, 9., 3.66666675e+000, 2.06666679e+001, 12.,
       3.26666679e+001, 9., 5.66666698e+000, 1.63333340e+001,
       6.66666687e-001, 4.66666698e+000, 3.66666675e+000,
       8.33333397e+000, 24., 2.33333340e+001, 2., 1.33333340e+001,
       6.66666687e-001, 4.66666698e+000, 2., 2.36666679e+001,
       2.23333340e+001, 2., 21., 6.33333349e+000, 0., 5.33333349e+000,
       3., 3.33333343e-001, 24., 9.66666698e+000, 3.23333359e+001, 1.,
       1.93333340e+001, 20., 10., 18., 3., 1.96666679e+001,
       2.96666679e+001, 12., 6.66666698e+000, 1.03333340e+001,
       1.13333340e+001, 1.96666679e+001, 5., 6., 2.16666679e+001, 0.,
       3.13333340e+001, 1.13333340e+001, 4.33333349e+000,
       3.96666679e+001, 5., 1.63333340e+001, 0., 4., 2.33333349e+000,
       9.33333397e+000, 2.33333340e+001, 1.03333340e+001, 5.,
       1.83333340e+001, 6.66666698e+000, 1.56666670e+001, 5., 1., 0., 0.,
       9., 0., 0., 0., 61., 21., 0., 7., 22., 1., 0., 1., 0., 1., 2.,
       32., 21., 0., 1., 2., 4., 16., 2., 2., 2., 8., 3., 18., 1., 31.,
       1., 12., 21., 18., 0., 1., 0., 1., 32., 38., 31., 37., 4., 4.,
       26., 26., 57., 0., 3., 3., 0., 45., 0., 1., 14., 0., 7., 0., 10.,
       1., 0., 0., 30., 17., 0., 0., 1., 0., 22., 9., 17., 24., 1., 3.,
       3., 21., 0., 11., 8., 2., 0., 23., 11., 52., 37., 0., 0., 1., 0.,
       3., 24., 4., 1., 30., 52., 3., 0., 6., 0., 19., 0., 0., 21., 6.,
       14., 23., 0., 0., 0., 0., 17., 9., 8., 29., 2., 47., 0., 28., 2.,
       8., 22., 6., 6., 8., 41., 0., 22., 0., 1., 3., 1., 0., 49., 0.,
       22., 2., 12., 4., 1., 38., 0., 2., 61., 29., 0., 0., 11., 0., 1.,
       31., 5., 1., 0., 11., 6., 0., 18., 0., 28., 9., 0., 0., 12., 0.,
       32., 2., 4., 1., 0., 12., 57., 10., 3., 7., 6., 13., 0., 1., 0.,
       65., 1., 6., 5., 20., 17., 20., 18., 0., 6., 6., 9., 8., 2., 0.,
       1., 11., 21., 7., 7., 4., 0., 15., 32., 12., 0., 17., 16., 9.,
       11., 3., 11., 30., 11., 9., 3., 25., 0., 1., 8., 48., 9., 9., 28.,
       0., 8., 0., 19., 0., 0., 2., 5., 2., 17., 5., 10., 30., 1., 10.,
       67., 10., 0., 0., 2., 3., 3., 1., 2., 2., 5., 18., 4., 0., 0., 3.,
       7., 4., 13., 3., 13., 8., 12., 4., 14., 10., 34., 20., 24., 26.,
       2., 6., 19., 32., 7., 6., 0., 4., 37., 0., 45., 1., 13., 65., 0.,
       12., 8., 6., 3., 0., 4., 1., 7., 7., 5., 17., 41., 0., 15., 23.,
       2., 0., 65., 1., 2., 8., 15., 4., 4., 16., 3., 28., 16., 9., 20.,
       13., 12., 7., 1., 10., 11., 15., 2., 3., 64., 0., 6., 7., 2., 0.,
       19., 8., 5., 39., 13., 28., 36., 6., 11., 20., 29., 4., 20., 32.,
       9., 47., 1., 1., 20., 0., 4., 0., 19., 12., 0., 19., 0., 16., 0.,
       0., 0., 0., 0., 7., 6., 0., 21., 4., 1., 6., 0., 0., 0., 3., 0.,
       0., 0., 1., 0., 3., 2., 18., 31., 5., 3., 0., 28., 30., 0., 0.,
       9., 14., 0., 1., 9., 15., 50., 0., 17., 0., 5., 15., 34., 5., 54.,
       12., 58., 1., 0., 2., 2., 44., 0., 22., 3., 8., 14., 0., 22., 6.,
       3., 0., 0., 0., 5., 23., 2., 2., 14., 6., 0., 0., 0., 0., 7., 1.,
       2., 0., 33., 12., 21., 2., 1., 0., 19., 3., 5., 5., 2., 3., 0.,
       4., 0., 9., 35., 1., 3., 0., 15., 6., 9., 33., 5., 0., 0., 27.,
       28., 3., 34., 0., 0., 0., 0., 40., 0., 0., 13., 0., 0., 0., 66.,
       0., 0., 20., 0., 6., 3., 30., 1., 8., 2., 6., 1., 35., 10., 0.,
       0., 10., 59., 15., 0., 0., 5., 11., 0., 0., 26., 1., 8., 3.,
       2.33333349e+000, 7., 3.66666675e+000, 2.16666679e+001,
       1.13333340e+001, 6.66666698e+000, 1.73333340e+001,
       2.66666675e+000, 6.33333349e+000, 3.33333343e-001, 3.,
       1.36666670e+001, 5., 1.06666670e+001, 1.46666670e+001, 17., 12.,
       9.33333397e+000, 1.63333340e+001, 6.33333349e+000,
       5.66666698e+000, 3.33333349e+000, 7., 1.06666670e+001,
       6.66666698e+000, 3.33333349e+000, 1.13333340e+001,
       6.33333349e+000, 3.06666679e+001, 2., 1.86666679e+001, 21.,
       4.33333349e+000, 0., 1.23333340e+001, 9., 2.23333340e+001, 1.,
       2.26666679e+001, 4., 1.86666679e+001, 1., 6.66666687e-001,
       1.53333340e+001, 1., 1.66666675e+000, 8., 2.43333340e+001,
       8.33333397e+000, 10., 8.33333397e+000, 2.33333349e+000,
       7.66666698e+000, 4.33333349e+000, 6., 2.23333340e+001,
       6.33333349e+000, 4., 3.66666675e+000, 1.06666670e+001,
       9.66666698e+000, 3., 4.33333349e+000, 2.46666679e+001,
       7.66666698e+000, 19., 11., 1.36666670e+001, 4.33333349e+000, 10.,
       8.66666698e+000, 4.66666698e+000, 1.56666670e+001,
       1.06666670e+001, 4.33333359e+001, 1.36666670e+001,
       6.33333349e+000, 5.33333349e+000, 1.63333340e+001,
       4.66666698e+000, 6.66666698e+000, 9.33333397e+000,
       1.96666679e+001, 2.83333340e+001, 1.03333340e+001,
       8.33333397e+000, 7.66666698e+000, 1.56666670e+001,
       1.66666675e+000, 9., 3.33333349e+000, 3., 4.66666698e+000,
       4.66666698e+000, 2.03333340e+001, 1., 1.66666675e+000, 4.,
       1.43333340e+001, 1.36666670e+001, 7.66666698e+000,
       6.66666698e+000, 8., 1.36666670e+001, 7.66666698e+000,
       1.03333340e+001, 1.56666670e+001, 38., 1.56666670e+001,
       5.33333349e+000, 1.86666679e+001, 8.66666698e+000,
       4.66666698e+000, 9.33333397e+000, 2.33333340e+001,
       1.06666670e+001, 8.33333397e+000, 4., 4.96666679e+001, 9.,
       1.56666670e+001, 1.33333337e+000, 1.13333340e+001,
       3.66666675e+000, 1.13333340e+001, 1.56666670e+001, 19.,
       1.33333337e+000, 2., 23., 4., 2., 24., 56., 10., 9., 1., 7., 53.,
       3., 6., 64., 4., 4., 3., 9., 2., 31., 0., 11., 0., 0., 20., 2.,
       4., 0., 0., 5., 1., 25., 6., 3., 67., 0., 0., 7., 8., 12., 0.,
       37., 1., 0., 4., 8., 7., 1., 0., 64., 0., 0., 0., 4., 12., 0., 0.,
       44., 43., 10., 4., 54., 11., 0., 0., 7., 6., 0., 0., 0., 0., 0.,
       0., 0., 0., 0., 0., 0., 0., 0., 0., 0., 0., 0., 0., 0., 0., 0.,
       0., 0., 0., 0., 7., 6., 9., 39., 9., 5., 5., 0., 51., 0., 1., 0.,
       0., 0., 19., 2., 0., 39., 6., 0., 1., 2., 20., 21., 2., 0., 1.,
       7., 2., 0., 0., 3., 2., 14., 4., 0., 0., 6., 0., 1., 0., 9., 0.,
       0., 18., 18., 14., 3., 0., 0., 1., 0., 0., 0., 10., 1., 3., 1.,
       11., 17., 1., 22., 0., 0., 1., 0., 63., 23., 0., 2., 61., 1., 0.,
       0., 0., 0., 0., 0., 0., 46., 4., 0., 0., 10., 14., 0., 8., 2., 0.,
       1., 12., 1., 1., 4., 63., 22., 0., 0., 0., 0., 22., 45., 21., 2.,
       0., 6., 0., 1., 5., 1., 19., 10., 0., 0., 47., 0., 65., 0., 6.,
       1., 0., 67., 29., 6., 47., 1., 0., 2., 3., 4., 1., 13., 1., 13.,
       4., 2., 0., 0., 4., 32., 1., 2., 0., 3., 0., 24., 1., 4., 0., 4.,
       1., 4., 4., 8., 0., 3., 3., 17., 8., 0., 6., 3., 1., 4., 3., 46.,
       0., 23., 0., 4., 0., 0., 0., 5., 0., 62., 4., 1., 0., 1., 0., 0.,
       0., 9., 6., 0., 0., 0., 1., 2., 7., 9., 41., 0., 5., 0., 2., 46.,
       17., 0., 0., 23., 30., 0., 23., 12., 0., 10., 3., 5., 7., 7., 0.,
       0., 1., 25., 3., 1., 0., 1., 1., 6., 60., 1., 31., 23., 0., 0.,
       6., 0., 2., 0., 8., 6., 65., 2., 35., 0., 0., 30., 34., 7., 0.,
       7., 28., 0., 4., 1., 0., 9., 0., 0., 0., 0., 57., 1., 0., 0., 0.,
       0., 68., 0., 1., 3., 8., 0., 24., 0., 0., 0., 0., 0., 0., 0., 1.,
       0., 0., 0., 0., 1., 3., 0., 11., 1., 4., 0., 0., 0., 18., 3., 0.,
       3., 11., 14., 8., 0., 9., 62., 11., 4., 14., 3., 0., 0., 0., 0.,
       0., 4., 2., 0., 0., 0., 0., 0., 11., 57., 6., 33., 40., 21., 32.,
       5., 11., 9., 18., 51., 4., 8., 12., 38., 13., 10., 13., 11., 12.,
       11., 38., 0., 19., 0., 5., 8., 3., 20., 0., 2., 0., 7., 1., 5.,
       5., 25., 24., 12., 10., 29., 9., 21., 12., 0., 13., 13., 4., 0.,
       1., 1., 24., 56., 0., 0., 1., 6., 0., 23., 0., 6., 8., 36., 2.,
       1., 31., 5., 6., 9., 0., 37., 2., 1., 1., 13., 19., 22., 1., 7.,
       5., 6., 2., 6., 0., 14., 14., 14., 5., 4., 0., 15., 2., 24., 5.,
       1., 6., 17., 5., 3., 0., 7., 9., 19., 6., 34., 0., 0., 5., 35.,
       25., 10., 8., 18., 22., 5., 4., 5., 29., 0., 0., 35., 9., 4., 26.,
       0., 4., 2., 5., 28., 0., 19., 0., 0., 23., 0., 1., 0., 47., 0.,
       0., 0., 0., 0., 0., 0., 4., 0., 21., 15., 28., 1., 10., 13., 5.,
       59., 0., 1., 3., 11., 31., 16., 0., 4., 18., 1., 0., 36., 9., 19.,
       32., 4., 30., 61., 36., 0., 27., 2., 21., 2., 0., 15., 0., 0., 4.,
       0., 0., 0., 7., 7., 14., 6., 0., 0., 31., 0., 21., 0., 20., 13.,
       0., 21., 7., 0., 0., 15., 13., 17., 31., 0., 26., 1., 2., 0., 9.,
       0., 5., 2., 17., 19., 0., 5., 2., 49., 0., 12., 1., 0., 0., 10.,
       1., 0., 21., 1., 0., 68., 0., 12., 0., 1., 0., 41., 0., 2., 0.,
       2., 0., 6., 28., 0., 25., 1., 2., 5., 2., 8., 29., 4., 41., 30.,
       19., 0., 0., 6., 53., 0., 23., 7., 2., 0., 24., 3., 0., 5., 2.,
       0., 0., 5., 9., 2., 0., 0., 1., 4., 0., 1., 0., 0., 0., 10., 4.,
       1., 1., 1., 23., 6., 64., 3., 0., 14., 2., 1., 54., 0., 0., 12.,
       5., 0., 2., 3., 0., 10., 5., 11., 7., 4., 2., 0., 0., 1., 10., 2.,
       0., 0., 0., 3., 7., 13., 3., 16., 64., 8., 2., 65., 2., 7., 11.,
       2., 6., 1., 0., 2., 16., 8., 0., 4., 0., 3., 0., 0., 13., 7., 1.,
       0., 33., 0., 0., 12., 5., 16., 0., 0., 2.15000000e+001,
       7.25000000e+000, 7.50000000e+000, 1.77500000e+001,
       1.25000000e+000, 1.77500000e+001, 8.75000000e+000,
       1.12500000e+001, 12., 14., 3.75000000e+000, 17., 2.12500000e+001,
       3.75000000e+000, 1.05000000e+001, 8., 1.82500000e+001,
       8.75000000e+000, 9.75000000e+000, 1.37500000e+001, 15.,
       1.05000000e+001, 5.25000000e+000, 1., 4., 1.15000000e+001, 15.,
       9., 1.82500000e+001, 1.82500000e+001, 17., 1.27500000e+001, 4.,
       12., 1.37500000e+001, 20., 9.50000000e+000, 1.12500000e+001,
       3.17500000e+001, 1.22500000e+001, 2.02500000e+001, 2.,
       8.25000000e+000, 12., 7.75000000e+000, 1.02500000e+001,
       2.77500000e+001, 1.32500000e+001, 1.57500000e+001,
       1.15000000e+001, 1.65000000e+001, 10., 1.62500000e+001,
       1.95000000e+001, 1.67500000e+001, 2.05000000e+001, 12.,
       2.32500000e+001, 1.37500000e+001, 18., 1.27500000e+001,
       7.75000000e+000, 8.25000000e+000, 1.85000000e+001,
       2.12500000e+001, 8.25000000e+000, 3.25000000e+000,
       2.85000000e+001, 1.22500000e+001, 1.22500000e+001,
       1.37500000e+001, 1.75000000e+000, 4., 1.50000000e+000,
       3.50000000e+000, 13., 6., 1.32500000e+001, 4.75000000e+000,
       5.25000000e+000, 1.42500000e+001, 6., 6.25000000e+000,
       1.27500000e+001, 6.25000000e+000, 9.50000000e+000,
       1.17500000e+001, 2.25000000e+000, 6., 2.75000000e+000,
       3.25000000e+000, 1.52500000e+001, 4.75000000e+000,
       6.25000000e+000, 16., 1.32500000e+001, 1.47500000e+001, 3.,
       3.75000000e+000, 6.75000000e+000, 1.87500000e+001,
       1.12500000e+001, 6., 1.07500000e+001, 2.42500000e+001,
       3.92500000e+001, 1.72500000e+001, 11., 2.55000000e+001, 39.,
       1.72500000e+001, 3., 6.25000000e+000, 9.75000000e+000,
       2.75000000e+000, 1.65000000e+001, 1.35000000e+001,
       4.25000000e+000, 17., 8.75000000e+000, 1.35000000e+001,
       1.37500000e+001, 1.17500000e+001, 32., 5.00000000e-001,
       1.82500000e+001, 8., 9.25000000e+000, 1., 0., 0., 0., 0., 16., 3.,
       1., 0., 12., 18., 0., 0., 0., 0., 26., 3., 0., 0., 0., 0., 17.,
       0., 0., 0., 0., 0., 1., 20., 13., 0., 0., 3., 8., 0., 0., 6., 6.,
       9., 22., 4., 1., 16., 24., 0., 11., 3., 16., 6., 24., 4., 21.,
       15., 9., 13., 37., 11., 0., 14., 3., 22., 3., 28., 11., 14., 0.,
       16., 4., 45., 7., 3., 22., 49., 24., 63., 12., 0., 9., 3., 0., 1.,
       13., 3., 6., 24., 11., 18., 16., 11., 3., 2., 1., 26., 4., 32.,
       21., 3., 0., 48., 1., 3., 21., 0., 26., 6., 10., 14., 2., 65., 9.,
       3., 7., 1., 2., 0., 3., 10., 0., 5., 11., 0., 3., 18., 10., 50.,
       32., 10., 5., 0., 5., 0., 2., 0., 0., 0., 5., 0., 11., 20., 4.,
       0., 2., 6., 1., 0., 0., 6., 5., 7., 0., 9., 0., 5., 2., 6., 26.,
       17., 6., 7., 4., 0., 1., 5., 10., 4., 0., 2., 24., 1., 13., 30.,
       1., 16., 3., 25., 11., 0., 6., 65., 26., 67., 37., 3., 0., 14.,
       2., 30., 57., 25., 13., 1., 69., 40., 14., 2., 2., 17., 2., 10.,
       10., 3., 1., 1., 1., 6., 1., 0., 18., 8., 0., 6., 13., 10., 13.,
       3., 3., 29., 0., 12., 13., 6., 0., 7., 3., 0., 9., 0., 4., 15.,
       0., 0., 21., 4., 0., 9., 0., 2., 10., 6., 7., 15., 26., 13., 5.,
       24., 14., 12., 1., 12., 0., 0., 0., 0., 0., 0., 4., 1., 0., 50.,
       6., 6., 0., 2., 3., 9., 16., 0., 0., 3., 5., 8., 0., 0., 1., 6.,
       32., 7., 7., 5., 60., 0., 13., 0., 37., 0., 7., 3., 2., 7., 28.,
       0., 2., 7., 1., 0., 14., 4., 0., 2., 0., 6., 19., 16., 3., 0., 0.,
       0., 3., 23., 8., 20., 3., 2., 3., 28., 5., 3., 4., 7., 1., 0.,
       22., 2., 2., 0., 5., 9., 0., 0., 2., 16., 1., 0., 0., 4., 0., 21.,
       4., 10., 0., 1., 0., 2., 18., 3., 0., 2., 24., 26., 0., 9., 32.,
       4., 0., 8., 61., 9., 0., 20., 0., 7., 0., 13., 6., 2., 7., 0., 0.,
       5., 0., 12., 0., 0., 36., 4., 2., 45., 18., 58., 10., 1., 27.,
       28., 1., 3., 0., 17., 23., 1., 0., 6., 1., 2., 0., 6., 1., 1.,
       19., 8., 32., 9., 8., 5., 3., 29., 37., 5., 24., 2., 4., 3., 16.,
       1., 22., 1., 0., 1., 5., 0., 0., 0., 2., 0., 59., 0., 0., 11., 0.,
       24., 0., 0., 0., 19., 0., 0., 7., 0., 0., 15., 0., 10., 0., 3.,
       1., 2., 5., 1., 48., 0., 1., 0., 8., 1., 7., 2., 3., 17., 22., 0.,
       0., 8., 0., 0., 1., 4., 0., 2., 1., 29., 0., 0., 8., 0., 1., 34.,
       0., 1., 3., 0., 1., 0., 0., 11., 1., 7., 9., 0., 24., 10., 25.,
       65., 10., 23., 0., 25., 0., 0., 1., 31., 14., 8., 32., 44., 17.,
       32., 1., 1., 1., 0., 0., 1., 40., 2., 11., 0., 0., 0., 0., 0., 1.,
       2., 0., 6., 0., 1., 0., 1., 7., 13., 58., 28., 2., 9., 8., 26.,
       1., 3., 54., 0., 1., 63., 12., 10., 8., 1., 11., 4., 1., 0., 0.,
       1., 3., 0., 0., 2., 33., 11., 0., 7., 0., 0., 5., 0., 0., 4., 12.,
       0., 1., 2., 10., 3., 15., 9., 3., 0., 14., 14., 15., 0., 1., 4.,
       16., 0., 27., 14., 0., 3., 4., 0., 0., 29., 0., 28., 4., 4., 0.,
       18., 20., 13., 2., 1., 0., 48., 21., 2., 9., 6., 0., 0., 0., 0.,
       17., 1., 1., 0., 66., 1., 0., 10., 10., 4., 22., 11., 0., 28., 0.,
       11., 0., 16., 2., 18., 1., 21., 0., 21., 18., 1., 1., 0., 4., 3.,
       1., 64., 3., 2., 4., 0., 0., 2., 20., 4., 4., 0., 13., 15., 19.,
       0., 5., 0., 0., 32., 6., 0., 6., 0., 6., 18., 12., 12., 13., 5.,
       13., 0., 0., 11., 3., 19., 0., 0., 0., 1., 13., 1., 15., 0., 1.,
       24., 2., 2., 2., 0., 12., 9., 0., 0., 4., 0., 5., 48., 41., 1.,
       26., 15., 0., 0., 1., 0., 0., 0., 9., 1., 3., 4., 6., 8., 3., 1.,
       4., 0., 7., 0., 4., 17., 6., 8., 6., 0., 15., 20., 19., 6., 28.,
       6., 29., 12., 24., 7., 1., 7., 7., 0., 6., 16., 52., 16., 20.,
       34., 4., 3., 0., 13., 25., 1., 0., 9., 0., 1., 0., 33., 52., 24.,
       3., 2., 1., 14., 0., 19., 9., 13., 12., 6., 9., 0., 5., 2., 0.,
       0., 3., 11., 0., 11., 29., 0., 0., 0., 0., 8., 0., 11., 0., 12.,
       0., 17., 0., 6., 60., 1., 4., 20., 2., 2., 0., 0., 0., 2., 10.,
       35., 1., 22., 8., 7., 1., 28., 25., 0., 0., 1., 35., 0., 11., 48.,
       0., 5., 0., 5., 2., 2., 8., 3., 5., 4., 1., 0., 39., 17., 1., 8.,
       3., 0., 58., 11., 0., 0., 11., 0., 51., 0., 18., 0., 2., 5., 1.,
       0., 5., 4., 2., 10., 3., 14., 59., 13., 23., 10., 0., 0., 0., 21.,
       0., 1., 2., 2., 0., 2., 1., 0., 0., 2., 0., 6., 3., 4., 14., 5.,
       9., 0., 8., 7., 0., 4., 0., 10., 0., 0., 15., 0., 35., 6., 0., 6.,
       8., 14., 27., 3., 6., 5., 8., 14., 0., 2., 0., 5., 0., 0., 0., 2.,
       0., 2., 6., 7., 0., 7., 0., 0., 0., 5., 2., 3., 7., 4., 0., 0.,
       1., 1., 0., 0., 0., 0., 1., 7., 0., 8., 1., 10., 38., 0., 0., 0.,
       0., 6., 0., 0., 1., 0., 3., 0., 47., 0., 1., 1., 0., 0., 5., 1.,
       2., 2., 0., 6., 4., 0., 2., 4., 0., 10., 0., 3., 1., 0., 0., 3.,
       40., 0., 9., 0., 2., 5., 3., 9., 0., 11., 12., 4., 6., 13., 0.,
       0., 3., 1., 0., 61., 0., 2., 0., 18., 0., 10., 10., 0., 26., 25.,
       35., 2., 46., 0., 25., 11., 3., 63., 1., 7., 1., 39., 8., 64., 3.,
       3., 33., 0., 15., 3., 14., 30., 0., 3., 18., 1., 0., 10., 5., 14.,
       0., 13., 0., 6., 2., 10., 0., 0., 4., 1., 1., 0., 10., 5., 0., 0.,
       1., 0., 22., 0., 0., 1., 0., 0., 7., 2., 1., 0., 0., 0., 41., 14.,
       5., 0., 0., 0., 0., 0., 0., 8., 0., 20., 29., 0., 26., 5., 0., 2.,
       0., 1., 14., 8., 5., 16., 0., 20., 2., 11., 23., 12., 21., 5.,
       15., 3., 11., 1., 31., 2., 10., 37., 15., 0., 1., 57., 33., 19.,
       10., 0., 15., 1., 19., 20., 1., 7., 7., 34., 1., 10., 12., 4.,
       11., 21., 61., 5., 7., 14., 19., 3., 12., 0., 1., 0., 0., 2., 6.,
       6., 4., 2., 7., 21., 0., 29., 0., 0., 2., 12., 10., 2., 0., 6.,
       2., 5., 31., 36., 12., 0., 0., 2., 7., 4., 9., 23., 0., 31., 0.,
       13., 5., 1., 1., 7., 8., 0., 0., 0., 7., 0., 0., 0., 45., 1., 9.,
       0., 6., 8., 6., 1., 1., 7., 12., 0., 16., 0., 3., 0., 0., 0., 45.,
       0., 0., 8., 9., 4., 5., 21., 0., 9., 0., 2., 15., 9., 3., 38., 0.,
       0., 33., 36., 13., 1., 8., 7., 3., 25., 0., 17., 0., 19., 0., 1.,
       0., 19., 5., 28., 34., 30., 57., 0., 2., 16., 0., 2., 0., 0., 17.,
       1., 26., 10., 5., 0., 4., 0., 1., 1., 9., 1., 0., 7., 0., 5., 0.,
       1., 12., 0., 2., 8., 6., 18., 23., 3., 2., 0., 36., 2., 35., 0.,
       1., 59., 6., 1., 6., 6., 11., 0., 15., 0., 0., 1., 0., 26., 2.,
       4., 15., 0., 19., 0., 0., 0., 0., 12., 6., 1., 10., 4., 29., 1.,
       2., 2., 40., 2., 3., 14., 0., 21., 1., 5., 1., 0., 8., 0., 2., 9.,
       10., 0., 7., 4., 7., 3., 4., 30., 4., 19., 0., 6., 0., 4., 11.,
       8., 0., 4., 3., 1., 31., 45., 0., 16., 7., 11., 0., 0., 7., 17.,
       18., 22., 3., 13., 44., 0., 4., 22., 0., 0., 5., 3., 0., 21., 18.,
       1., 1., 13., 4., 21., 0., 3., 16., 12., 0., 14., 0., 5., 17., 13.,
       1., 3., 9., 0., 8., 9., 4., 44., 1., 15., 0., 12., 3., 0., 5., 1.,
       40., 0., 1., 0., 0., 10., 0., 0., 0., 0., 0., 4., 0., 6., 0., 6.,
       1., 0., 8., 1., 55., 11., 3., 0., 10., 8., 0., 4., 13., 0., 0.,
       0., 0., 0., 1., 0., 5., 0., 0., 0., 0., 0., 13., 0., 0., 0., 0.,
       0., 4., 0., 0., 0., 1., 0., 6., 0., 0., 0., 5., 0., 10., 2., 8.,
       0., 9., 5., 5., 0., 32., 0., 33., 37., 68., 3., 0., 10., 0., 17.,
       4., 65., 5., 13., 4., 14., 26., 1., 15., 0., 5., 6., 0., 0., 2.,
       43., 1., 0., 9., 23., 0., 1., 2., 21., 7., 0., 3., 0., 1., 7., 1.,
       0., 11., 25., 0., 16., 3., 0., 0., 10., 13., 37., 8., 2., 11., 1.,
       7., 0., 4., 0., 0., 0., 3., 0., 0., 0., 0., 0., 0., 0., 0., 0.,
       0., 0., 0., 0., 0., 0., 0., 0., 0., 0., 0., 0., 0., 0., 0., 0.,
       0., 0., 0., 0., 0., 0., 0., 0., 0., 0., 0., 0., 0., 0., 0., 0.,
       0., 0., 0., 0., 0., 0., 0., 0., 0., 0., 0., 0., 0., 0., 0., 0.,
       0., 0., 0., 0., 0., 0., 0., 0., 0., 0., 0., 0., 0., 0., 0., 0.,
       0., 0., 0., 0., 0., 0., 0., 0., 0., 0., 0., 0., 0., 0., 0., 0.,
       0., 0., 0., 0., 0., 0., 0., 0., 0., 0., 0., 0., 0., 0., 0., 0.,
       0., 0., 0., 0., 0., 0., 0., 0., 0., 0., 0., 0., 0., 0., 0., 0.,
       0., 0., 0., 0., 0., 0., 0., 0., 3., 0., 6., 14., 0., 7., 0., 25.,
       0., 0., 2., 0., 26., 0., 12., 0., 0., 4., 0., 0., 1., 9., 0., 18.,
       5., 5., 5., 26., 8., 34., 0., 37., 17., 0., 0., 0., 0., 0., 0.,
       0., 0., 51., 0., 0., 0., 0., 0., 8., 2., 6., 55., 21., 0., 5., 0.,
       2., 0., 7., 0., 0., 0., 0., 3., 0., 2., 0., 1., 1., 0., 1., 0.,
       9., 13., 5., 6., 1., 3., 1., 4., 0., 13., 11., 0., 1., 17., 7.,
       1., 10., 13., 14., 4., 3., 9., 6., 2., 38., 11., 6., 15., 10., 1.,
       3., 34., 13., 10., 13., 5., 0., 4., 0., 8., 4., 0., 0., 0., 0.,
       0., 2., 58., 49., 11., 2., 0., 0., 0., 0., 0., 0., 0., 58., 2.,
       0., 0., 0., 8., 0., 0., 24., 0., 10., 1., 3., 0., 0., 5., 2., 4.,
       18., 2., 14., 0., 5., 1., 14., 1., 4., 2., 8., 0., 0., 1., 5., 0.,
       8., 19., 14., 0., 39., 1., 4., 10., 2., 0., 0., 1., 15., 26., 6.,
       3., 13., 7., 0., 3., 0., 7., 8., 0., 2., 1., 0., 2., 20., 8., 5.,
       0., 0., 53., 39., 0., 0., 48., 0., 2., 0., 0., 16., 0., 7., 6.,
       45., 1., 26., 5., 5., 0., 0., 23., 4., 2., 5., 13., 14., 20., 9.,
       9., 16., 4., 5., 0., 2., 2., 5., 27., 10., 5., 11., 0., 3., 1.,
       8., 2., 0., 3., 11., 13., 0., 9., 1., 18., 2., 2., 0., 18., 2.,
       0., 2., 44., 41., 3., 17., 1., 15., 0., 14., 11., 2., 12., 21.,
       21., 29., 20., 2., 10., 1., 0., 2., 40., 4., 0., 45., 3., 0., 24.,
       8., 64., 10., 27., 0., 23., 0., 0., 51., 1., 0., 0., 12., 0., 35.,
       3., 0., 0., 0., 0., 0., 0., 15., 0., 41., 1., 0., 0., 0., 44.,
       28., 0., 11., 4., 50., 0., 0., 7., 6., 0., 13., 9., 7., 0., 10.,
       31., 32., 0., 0., 0., 0., 20., 0., 3., 0., 0., 0., 1., 0., 49.,
       0., 0., 0., 0., 0., 1., 18., 3., 8., 39., 30., 21., 1., 0., 55.,
       0., 8., 5., 2., 18., 27., 1., 9., 1., 2., 5., 26., 18., 5., 1.,
       14., 0., 28., 16., 40., 15., 10., 0., 15., 1., 0., 0., 15., 8.,
       3., 14., 4., 1., 3., 17., 28., 20., 3., 0., 2., 1., 1., 8., 0.,
       22., 40., 2., 0., 0., 0., 1., 2., 0., 9., 0., 0., 0., 2., 13., 0.,
       0., 14., 10., 27., 0., 0., 11., 9., 4., 21., 1., 12., 5., 5., 0.,
       0., 0., 0., 20., 37., 7., 1., 0., 2., 1., 0., 0., 34., 1., 5., 0.,
       8., 62., 15., 4., 0., 0., 15., 22., 6., 8., 0., 1., 2., 22., 0.,
       1., 1., 0., 18., 5., 4., 1., 6., 0., 67., 0., 8., 0., 6., 2., 1.,
       0., 5., 12., 0., 5., 0., 17., 22., 13., 0., 0., 0., 0., 1., 0.,
       6., 0., 0., 11., 5., 1., 0., 1., 0., 0., 0., 0., 11., 0., 6., 2.,
       9., 4.85000000e+001, 27., 9.50000000e+000, 35., 2.65000000e+001,
       25., 1.45000000e+001, 4., 8.50000000e+000, 5.00000000e-001, 19.,
       7.50000000e+000, 3.50000000e+000, 4.55000000e+001, 19.,
       1.65000000e+001, 5.35000000e+001, 15., 4.50000000e+000,
       1.15000000e+001, 3., 4.50000000e+000, 32., 3., 13., 51., 1.,
       2.65000000e+001, 3., 25., 3., 3., 3., 2.15000000e+001, 34., 62.,
       14., 3.85000000e+001, 2.25000000e+001, 8.50000000e+000,
       1.85000000e+001, 4., 7.50000000e+000, 1., 44., 5.50000000e+000,
       5.50000000e+000, 3.05000000e+001, 26., 15., 3.25000000e+001, 32.,
       4.25000000e+001, 6., 8.50000000e+000, 1.35000000e+001,
       5.50000000e+000, 0., 0., 4.55000000e+001, 3., 10.,
       1.35000000e+001, 1.25000000e+001, 1.05000000e+001,
       5.00000000e-001, 2.45000000e+001, 1.05000000e+001, 23., 9., 2.,
       3.35000000e+001, 10., 41., 10., 2., 1.05000000e+001,
       1.05000000e+001, 2.95000000e+001, 1.65000000e+001,
       5.50000000e+000, 35., 2.55000000e+001, 5., 5.50000000e+000, 12.,
       4.50000000e+000, 29., 13., 3., 22., 48., 5.00000000e-001,
       7.50000000e+000, 6.50000000e+000, 1.50000000e+000, 3.,
       8.50000000e+000, 11., 7.50000000e+000, 3.55000000e+001,
       6.50000000e+000, 6.50000000e+000, 7., 1.05000000e+001,
       1.85000000e+001, 5., 1.05000000e+001, 15., 51., 1.75000000e+001,
       1.25000000e+001, 1.95000000e+001, 21., 3.05000000e+001,
       1.05000000e+001, 6., 20., 8., 4.50000000e+000, 29., 12., 57., 18.,
       31., 15., 1.95000000e+001, 33., 4., 25., 1., 3., 22., 3., 0., 12.,
       16., 0., 0., 0., 30., 54., 3., 12., 0., 0., 0., 5., 0., 0., 0.,
       0., 0., 0., 10., 0., 0., 0., 0., 0., 0., 5., 0., 0., 6., 0., 0.,
       0., 17., 0., 0., 8., 18., 13., 36., 2., 2., 0., 2., 5., 6., 9.,
       0., 4., 4., 1., 0., 0., 0., 4., 23., 0., 0., 3., 6., 3., 0., 0.,
       0., 0., 2., 6., 3., 12., 11., 2., 0., 0., 9., 0., 0., 1., 5., 1.,
       4., 5., 2., 26., 3., 3., 0., 0., 13., 0., 12., 7., 10., 17., 0.,
       3., 0., 8., 8., 17., 59., 3., 0., 6., 0., 0., 0., 13., 0., 23.,
       0., 9., 0., 17., 0., 29., 0., 0., 0., 44., 0., 3., 28., 1., 5.,
       50., 19., 0., 11., 14., 20., 0., 0., 0., 0., 2., 62., 59., 27.,
       38., 3., 1., 0., 0., 10., 0., 1., 4., 3., 7., 4., 9., 16., 32.,
       11., 5., 3., 0., 0., 0., 0., 31., 0., 4., 16., 0., 1., 10., 8.,
       32., 3., 29., 5., 1., 0., 19., 74., 0., 1., 0., 2., 50., 4., 0.,
       0., 44., 7., 3., 8., 0., 0., 10., 0., 3., 3., 11., 61., 0., 11.,
       0., 2., 21., 0., 44., 0., 1., 0., 30., 31., 0., 13., 22., 7., 13.,
       16., 10., 20., 29., 2., 5., 1., 68., 8., 5., 9., 12., 0., 6., 5.,
       18., 2., 49., 17., 8., 9., 6., 3., 4., 5., 0., 37., 25., 0., 10.,
       7., 14., 0., 0., 6., 0., 17., 13., 11., 0., 21., 19., 2., 4., 15.,
       5., 14., 5., 8., 12., 10., 12., 36., 0., 0., 4., 2., 2., 15., 0.,
       5., 2., 4., 0., 3., 0., 2., 3., 0., 4., 5., 6., 5., 0., 19., 47.,
       0., 28., 16., 1., 0., 8., 20., 9., 5., 5., 7., 11., 1., 30., 5.,
       0., 0., 1., 0., 0., 2., 0., 21., 0., 14., 0., 4., 0., 29., 0., 3.,
       0., 1., 1., 0., 29., 0., 9., 0., 5., 0., 0., 0., 0., 0., 1., 8.,
       8., 1., 40., 3., 21., 27., 1., 0., 15., 0., 1., 19., 0., 8., 3.,
       0., 2., 0., 0., 10., 6., 0., 1., 3., 0., 10., 43., 7., 4., 2.,
       19., 3., 0., 24., 14., 6., 4., 19., 8., 0., 6., 3., 2., 2., 4.,
       3., 0., 6., 3., 0., 0., 8., 1., 0., 14., 0., 1., 13., 35., 4., 2.,
       0., 7., 0., 9., 2., 5., 14., 2., 8., 0., 17., 0., 3., 0., 1., 4.,
       1., 2., 1., 0., 5., 0., 25., 0., 0., 0., 0., 0., 23., 24., 0.,
       15., 28., 35., 0., 0., 4., 0., 0., 0., 3., 6., 2., 0., 36., 0.,
       0., 5., 0., 0., 7., 0., 0., 1., 0., 2., 2., 13., 2., 4., 0., 11.,
       0., 17., 9., 16., 9., 1., 14., 5., 17., 0., 19., 0., 16., 0., 9.,
       0., 7., 2., 0., 0., 10., 6., 0., 1., 0., 0., 62., 6., 1., 9., 1.,
       24., 12., 0., 9., 23., 15., 0., 2., 25., 25., 0., 3., 2., 9., 5.,
       10., 10., 0., 8., 0., 10., 2., 0., 10., 5., 3., 0., 1., 6., 5.,
       13., 0., 0., 7., 0., 3., 47., 7., 13., 5., 26., 6., 11., 10., 0.,
       38., 2., 5., 9., 6., 5., 2., 4., 21., 14., 14., 0., 0., 9., 19.,
       7., 1., 2., 30., 35., 0., 11., 6., 0., 28., 25., 5., 3., 41., 1.,
       7., 9., 13., 8., 4., 0., 0., 0., 38., 0., 5., 0., 3., 0., 42.,
       35., 2., 24., 3., 0., 0., 1., 0., 63., 0., 72., 23., 14., 0., 58.,
       0., 30., 0., 53., 1., 5., 49., 0., 14., 6., 62., 4., 5., 34., 14.,
       9., 5., 28., 11., 44., 31., 75., 0., 0., 5., 4., 21., 1., 58., 2.,
       0., 13., 7., 5., 16., 6., 22., 0., 0., 0., 0., 0., 0., 0., 0., 0.,
       14., 1., 0., 1., 0., 6., 2., 3., 10., 0., 24., 0., 7., 1., 10.,
       1., 1., 0., 5., 0., 0., 33., 4., 1., 0., 0., 6., 1., 23., 1., 3.,
       1., 13., 19., 2., 3., 19., 6., 1., 18., 0., 0., 7., 0., 0., 1.,
       50., 2., 7., 0., 3., 10., 15., 14., 0., 0., 12., 41., 5., 12., 8.,
       0., 0., 11., 0., 11., 16., 0., 1., 0., 2., 3., 0., 10., 30., 12.,
       0., 6., 0., 0., 0., 6., 3., 0., 24., 0., 0., 0., 0., 0., 2., 5.,
       0., 5., 4., 50., 0., 0., 4., 4., 1., 10., 25., 8., 3., 0., 23.,
       4., 0., 1., 16., 14., 0., 0., 9., 0., 0., 0., 17., 0., 0., 0.,
       26., 3., 0., 0., 0., 0., 6., 23., 43., 21., 1., 34., 1., 10., 0.,
       0., 3., 0., 17., 0., 0., 0., 0., 0., 0., 0., 9., 59., 35., 1.,
       10., 36., 1., 47., 2., 11., 0., 0., 0., 4., 0., 0., 0., 0., 0.,
       0., 0., 0., 0., 0., 0., 0., 0., 0., 0., 0., 0., 0., 0., 0., 0.,
       0., 0., 0., 0., 0., 0., 0., 0., 0., 0., 0., 0., 0., 0., 0., 0.,
       0., 0., 0., 0., 0., 0., 0., 0., 0., 0., 0., 0., 0., 0., 0., 0.,
       0., 0., 0., 0., 0., 0., 0., 0., 0., 0., 0., 0., 0., 0., 0., 0.,
       0., 0., 0., 0., 0., 0., 0., 0., 0., 0., 0., 0., 0., 0., 0., 0.,
       0., 0., 6., 0., 2., 23., 8., 8., 0., 1., 0., 1., 0., 0., 10., 0.,
       14., 0., 27., 1., 10., 61., 1., 1., 0., 0., 3., 17., 5., 0., 0.,
       0., 67., 0., 1., 44., 0., 11., 14., 4., 12., 1., 0., 19., 1., 9.,
       66., 19., 0., 2., 0., 0., 39., 18., 0., 54., 28., 2., 38., 1.,
       12., 15., 12., 0., 61., 43., 47., 0., 11., 1., 5., 15., 26., 27.,
       0., 28., 1., 6., 31., 0., 34., 5., 17., 0., 51., 0., 15., 0., 41.,
       34., 0., 0., 16., 5., 31., 0., 16., 0., 17., 0., 5., 15., 6., 6.,
       3., 1., 12., 5., 22., 61., 0., 26., 0., 1., 1., 15., 6., 0., 0.,
       37., 26., 0., 34., 22., 0., 0., 60., 21., 0., 0., 0., 0., 0., 0.,
       0., 0., 0., 0., 0., 0., 0., 0., 0., 0., 0., 0., 0., 0., 0., 0.,
       0., 0., 0., 0., 0., 0., 0., 0., 0., 0., 0., 0., 0., 0., 0., 0.,
       0., 0., 0., 0., 0., 0., 0., 0., 0., 0., 0., 0., 0., 0., 0., 0.,
       0., 0., 0., 0., 0., 0., 0., 0., 0., 0., 0., 0., 0., 0., 0., 0.,
       0., 0., 0., 0., 0., 0., 0., 0., 0., 0., 0., 0., 0., 0., 0., 0.,
       0., 0., 0., 0., 0., 0., 0., 0., 0., 0., 0., 0., 0., 0., 0., 0.,
       0., 0., 0., 0., 0., 0., 0., 0., 0., 0., 0., 0., 0., 0., 0., 0.,
       0., 0., 0., 0., 0., 0., 0., 0., 0., 0., 0., 0., 0., 0., 0., 0.,
       0., 0., 0., 0., 0., 0., 0., 0., 0., 0., 0., 0., 0., 0., 0., 0.,
       0., 0., 0., 0., 0., 0., 0., 0., 0., 0., 0., 0., 0., 0., 0., 0.,
       0., 0., 0., 0., 0., 0., 0., 0., 0., 0., 0., 0., 0., 0., 0., 0.,
       0., 0., 0., 0., 0., 0., 0., 0., 0., 0., 0., 0., 0., 0., 0., 0.,
       0., 0., 0., 0., 0., 0., 0., 0., 0., 0., 0., 0., 0., 0., 0., 0.,
       0., 0., 0., 0., 0., 0., 0., 0., 0., 0., 0., 0., 0., 0., 0., 0.,
       0., 0., 0., 0., 0., 0., 0., 0., 0., 0., 0., 0., 0., 0., 0., 0.,
       0., 0., 0., 0., 0., 0., 0., 0., 0., 0., 0., 0., 0., 0., 0., 0.,
       0., 0., 0., 0., 0., 0., 0., 0., 0., 0., 0., 0., 0., 0., 0., 0.,
       0., 0., 0., 0., 0., 0., 0., 0., 0., 0., 0., 0., 0., 0., 0., 0.,
       0., 0., 0., 0., 0., 0., 0., 0., 0., 0., 0., 0., 0., 0., 0., 0.,
       0., 0., 0., 0., 0., 0., 0., 0., 0., 0., 0., 0., 0., 0., 0., 0.,
       0., 0., 0., 0., 0., 0., 0., 0., 0., 0., 0., 0., 0., 0., 0., 0.,
       0., 0., 0., 0., 0., 0., 0., 0., 0., 0., 0., 0., 0., 0., 0., 0.,
       0., 0., 0., 0., 0., 0., 0., 0., 0., 0., 0., 0., 0., 0., 0., 0.,
       0., 0., 0., 0., 0., 0., 0., 0., 0., 0., 0., 0., 0., 0., 0., 0.,
       0., 0., 0., 0., 0., 0., 0., 0., 0., 0., 0., 0., 0., 0., 0., 0.,
       0., 0., 0., 0., 0., 0., 0., 0., 0., 0., 0., 0., 0., 0., 0., 0.,
       0., 0., 0., 0., 0., 0., 0., 0., 0., 0., 0., 0., 0., 0., 0., 0.,
       0., 0., 0., 0., 0., 0., 0., 0., 0., 0., 0., 0., 0., 0., 0., 0.,
       0., 0., 0., 0., 0., 0., 0., 0., 0., 0., 0., 0., 0., 0., 0., 0.,
       0., 0., 0., 0., 0., 0., 0., 0., 0., 0., 0., 0., 0., 0., 0., 0.,
       0., 0., 0., 0., 0., 0., 0., 0., 0., 0., 0., 0., 0., 0., 0., 0.,
       0., 0., 0., 0., 0., 0., 0., 0., 0., 0., 0., 0., 0., 0., 0., 0.,
       0., 0., 0., 0., 0., 0., 0., 0., 0., 0., 0., 0., 0., 0., 0., 0.,
       0., 0., 0., 0., 0., 0., 0., 0., 0., 0., 0., 0., 0., 0., 0., 0.,
       0., 0., 0., 0., 0., 0., 0., 0., 0., 0., 0., 0., 0., 0., 0., 0.,
       0., 0., 0., 0., 0., 0., 0., 0., 0., 0., 0., 0., 0., 0., 0., 0.,
       0., 0., 0., 0., 0., 0., 0., 0., 0., 0., 0., 0., 0., 0., 0., 0.,
       0., 0., 0., 0., 0., 0., 0., 0., 0., 0., 0., 0., 0., 0., 0., 0.,
       0., 0., 0., 0., 0., 0., 0., 0., 0., 0., 0., 0., 0., 0., 0., 0.,
       0., 0., 0., 0., 0., 0., 0., 0., 0., 0., 0., 0., 0., 0., 0., 0.,
       0., 0., 0., 0., 0., 0., 0., 0., 0., 0., 0., 0., 0., 0., 0., 0.,
       0., 0., 0., 0., 0., 0., 0., 0., 0., 0., 0., 0., 0., 0., 0., 0.,
       0., 0., 0., 0., 0., 0., 0., 0., 0., 0., 0., 0., 0., 0., 0., 0.,
       0., 0., 0., 0., 0., 0., 0., 0., 0., 0., 0., 0., 0., 0., 0., 0.,
       0., 0., 0., 0., 0., 0., 0., 0., 0., 0., 0., 0., 0., 0., 0., 0.,
       0., 0., 0., 0., 0., 0., 0., 0., 0., 0., 0., 0., 0., 0., 0., 0.,
       0., 0., 0., 0., 0., 0., 0., 0., 0., 0., 0., 0., 0., 0., 0., 0.,
       0., 0., 0., 0., 0., 0., 0., 0., 0., 0., 0., 0., 0., 0., 0., 0.,
       0., 0., 0., 0., 0., 0., 0., 0., 0., 0., 0., 0., 0., 0., 0., 0.,
       0., 0., 0., 0., 0., 0., 0., 0., 0., 0., 0., 0., 0., 0., 0., 0.,
       0., 0., 0., 0., 0., 0., 0., 0., 0., 0., 0., 0., 0., 0., 0., 0.,
       0., 0., 0., 0., 0., 0., 0., 0., 0., 0., 0., 0., 0., 0., 0., 0.,
       0., 0., 0., 0., 0., 0., 0., 0., 0., 0., 0., 0., 0., 0., 0., 0.,
       0., 0., 0., 0., 0., 0., 0., 0., 0., 0., 0., 0., 0., 0., 0., 0.,
       0., 0., 0., 0., 0., 0., 0., 0., 0., 0., 0., 0., 0., 0., 0., 0.,
       0., 0., 0., 0., 0., 0., 0., 0., 0., 0., 0., 0., 0., 0., 0., 0.,
       0., 0., 0., 0., 0., 0., 0., 0., 0., 0., 0., 0., 0., 0., 0., 0.,
       0., 0., 0., 0., 0., 0., 0., 0., 0., 0., 0., 0., 0., 0., 0., 0.,
       0., 0., 0., 0., 0., 0., 0., 0., 0., 0., 0., 0., 0., 0., 0., 0.,
       0., 0., 0., 0., 0., 0., 0., 0., 0., 0., 0., 0., 0., 0., 0., 0.,
       0., 0., 0., 0., 0., 0., 0., 0., 0., 0., 0., 0., 0., 0., 0., 0.,
       0., 0., 0., 0., 0., 0., 0., 0., 0., 0., 0., 0., 0., 0., 0., 0.,
       0., 0., 0., 0., 0., 0., 0., 0., 0., 0., 0., 0., 0., 0., 0., 0.,
       0., 0., 0., 0., 0., 0., 0., 0., 0., 0., 0., 0., 0., 0., 0., 0.,
       0., 0., 0., 0., 0., 0., 0., 0., 0., 0., 0., 0., 0., 0., 0., 0.,
       0., 0., 0., 0., 0., 0., 0., 0., 0., 0., 0., 0., 0., 0., 0., 0.,
       0., 0., 0., 0., 0., 0., 0., 0., 0., 0., 0., 0., 0., 0., 0., 0.,
       0., 0., 0., 0., 0., 0., 0., 0., 0., 0., 0., 0., 0., 0., 0., 0.,
       0., 0., 0., 0., 0., 0., 0., 0., 0., 0., 0., 0., 0., 0., 0., 0.,
       0., 0., 0., 0., 0., 0., 0., 0., 0., 0., 0., 0., 0., 0., 0., 0.,
       0., 0., 0., 0., 0., 0., 0., 0., 0., 0., 0., 0., 0., 0., 0., 0.,
       0., 0., 0., 0., 0., 0., 0., 0., 0., 0., 0., 0., 0., 0., 0., 0.,
       0., 0., 0., 0., 0., 0., 0., 0., 0., 0., 0., 0., 0., 0., 0., 0.,
       0., 0., 0., 0., 0., 0., 0., 0., 0., 0., 0., 0., 0., 0., 0., 0.,
       0., 0., 0., 0., 0., 0., 0., 0., 0., 0., 0., 0., 0., 0., 0., 0.,
       0., 0., 0., 0., 0., 0., 0., 0., 0., 0., 0., 0., 0., 0., 0., 0.,
       0., 0., 0., 0., 0., 0., 0., 0., 0., 0., 0., 0., 0., 0., 0., 0.,
       0., 0., 0., 0., 0., 0., 0., 0., 0., 0., 0., 0., 0., 0., 0., 0.,
       0., 0., 0., 0., 0., 0., 0., 0., 0., 0., 0., 0., 0., 0., 0., 0.,
       0., 0., 0., 0., 0., 0., 0., 0., 0., 0., 0., 0., 0., 0., 0., 0.,
       0., 0., 0., 0., 0., 0., 0., 0., 0., 0., 0., 0., 0., 0., 0., 0.,
       0., 0., 0., 0., 0., 0., 0., 0., 0., 0., 0., 0., 0., 0., 0., 0.,
       0., 0., 0., 0., 0., 0., 0., 0., 0., 0., 0., 0., 0., 0., 0., 0.,
       0., 0., 0., 0., 0., 0., 0., 0., 0., 0., 0., 0., 0., 0., 0., 0.,
       0., 0., 0., 0., 0., 0., 0., 0., 0., 0., 0., 0., 0., 0., 0., 0.,
       0., 0., 0., 0., 0., 0., 0., 0., 0., 0., 0., 0., 0., 0., 0., 0.,
       0., 0., 0., 0., 0., 0., 0., 0., 0., 0., 0., 0., 0., 0., 0., 0.,
       0., 0., 0., 0., 0., 0., 0., 0., 0., 0., 0., 0., 0., 0., 0., 0.,
       0., 0., 0., 0., 0., 0., 0., 0., 0., 0., 0., 0., 0., 0., 0., 0.,
       0., 0., 0., 0., 0., 0., 0., 0., 0., 0., 0., 0., 0., 0., 0., 0.,
       0., 0., 0., 0., 0., 0., 0., 0., 0., 0., 0., 0., 0., 0., 0., 0.,
       0., 0., 0., 0., 0., 0., 0., 0., 0., 0., 0., 0., 0., 0., 0., 0.,
       0., 0., 0., 0., 0., 0., 0., 0., 0., 0., 0., 0., 0., 0., 0., 0.,
       0., 0., 0., 0., 0., 0., 0., 0., 0., 0., 0., 0., 0., 0., 0., 0.,
       0., 0., 0., 0., 0., 0., 0., 0., 0., 0., 0., 0., 0., 0., 0., 0.,
       0., 0., 0., 0., 0., 0., 0., 0., 0., 0., 0., 0., 0., 10., 0., 10.,
       0., 0., 3., 0., 0., 1., 2., 0., 0., 2., 1., 0., 0., 0., 0., 1.,
       1., 8., 8., 3., 1., 0., 1., 2., 19., 6., 0., 0., 0., 1., 3., 3.,
       48., 8., 0., 0., 0., 0., 0., 0., 12., 0., 0., 0., 0., 0., 0., 0.,
       0., 14., 8., 0., 0., 2., 30., 61., 15., 20., 8., 49., 0., 1., 1.,
       22., 0., 0., 19., 0., 0., 2., 5., 0., 0., 4., 5., 12., 4., 3.,
       22., 13., 0., 25., 0., 2., 16., 0., 0., 61., 28., 0., 0., 5., 8.,
       6., 3., 44., 3., 0., 15., 4., 4., 4., 1., 39., 8., 20., 9., 48.,
       0., 18., 0., 8., 0., 0., 2., 1., 0., 1., 49., 0., 3., 1., 0., 0.,
       0., 0., 0., 0., 0., 0., 0., 0., 0., 0., 0., 0., 0., 0., 0., 0.,
       0., 0., 0., 0., 0., 0., 0., 0., 0., 0., 0., 0., 0., 0., 0., 0.,
       0., 0., 0., 0., 0., 0., 0., 0., 0., 0., 0., 0., 0., 0., 0., 0.,
       0., 0., 0., 0., 0., 0., 0., 0., 0., 0., 0., 0., 0., 0., 0., 0.,
       0., 0., 0., 0., 0., 0., 0., 0., 0., 0., 0., 0., 0., 0., 0., 0.,
       0., 0., 0., 0., 0., 0., 0., 0., 0., 0., 0., 0., 0., 0., 0., 0.,
       0., 0., 0., 0., 0., 0., 0., 0., 0., 0., 0., 0., 0., 0., 0., 0.,
       0., 0., 0., 0., 0., 0., 0., 0., 0., 0., 0., 0., 0., 0., 0., 0.,
       0., 0., 0., 0., 0., 0., 0., 0., 0., 0., 0., 0., 0., 0., 0., 0.,
       0., 0., 0., 0., 0., 0., 0., 0., 0., 0., 0., 0., 0., 0., 0., 0.,
       0., 0., 0., 0., 0., 0., 0., 0., 0., 0., 0., 0., 0., 0., 0., 0.,
       0., 0., 0., 0., 0., 0., 0., 0., 0., 0., 0., 0., 0., 0., 0., 0.,
       0., 0., 0., 0., 0., 0., 0., 0., 0., 0., 0., 0., 0., 0., 0., 0.,
       0., 0., 0., 0., 0., 0., 0., 0., 0., 0., 0., 0., 0., 0., 0., 0.,
       0., 0., 0., 0., 0., 0., 0., 0., 0., 0., 0., 0., 0., 0., 0., 0.,
       0., 0., 0., 0., 0., 0., 0., 0., 0., 0., 0., 0., 0., 0., 0., 0.,
       0., 0., 0., 0., 0., 0., 0., 0., 0., 0., 0., 0., 0., 0., 0., 0.,
       0., 0., 0., 0., 0., 0., 0., 0., 0., 0., 0., 0., 0., 0., 0., 0.,
       0., 0., 0., 0., 0., 0., 0., 0., 0., 0., 0., 0., 0., 0., 0., 0.,
       0., 0., 0., 0., 0., 0., 0., 0., 0., 0., 0., 0., 0., 0., 0., 0.,
       0., 0., 0., 0., 0., 0., 0., 0., 0., 0., 0., 0., 0., 0., 0., 0.,
       0., 0., 0., 0., 0., 0., 0., 0., 0., 0., 0., 0., 0., 0., 0., 0.,
       0., 0., 0., 0., 0., 0., 0., 0., 0., 0., 0., 0., 0., 0., 0., 0.,
       0., 0., 0., 0., 0., 0., 0., 0., 0., 0., 0., 0., 0., 0., 0., 0.,
       0., 0., 0., 0., 0., 0., 0., 0., 0., 0., 0., 0., 0., 0., 0., 0.,
       0., 0., 0., 0., 0., 0., 0., 0., 0., 0., 0., 0., 0., 0., 0., 0.,
       0., 0., 0., 0., 0., 0., 0., 0., 0., 0., 0., 0., 0., 0., 0., 0.,
       0., 0., 0., 0., 0., 0., 0., 0., 0., 0., 0., 0., 0., 0., 0., 0.,
       0., 0., 0., 0., 0., 0., 0., 0., 0., 0., 0., 0., 0., 0., 0., 0.,
       0., 0., 0., 0., 0., 0., 0., 0., 0., 0., 0., 0., 0., 0., 0., 0.,
       0., 0., 0., 0., 0., 0., 0., 0., 0., 0., 0., 0., 0., 0., 0., 0.,
       0., 0., 0., 0., 0., 0., 0., 0., 0., 0., 0., 0., 0., 0., 0., 0.,
       0., 0., 0., 0., 0., 0., 0., 0., 0., 0., 0., 0., 0., 0., 0., 0.,
       0., 0., 0., 0., 0., 0., 0., 0., 0., 0., 0., 0., 0., 0., 0., 0.,
       0., 0., 0., 0., 0., 0., 0., 0., 0., 0., 0., 0., 0., 0., 0., 0.,
       0., 0., 0., 0., 0., 0., 0., 0., 0., 0., 0., 0., 0., 0., 0., 0.,
       0., 0., 0., 0., 0., 0., 0., 0., 0., 0., 0., 0., 0., 0., 0., 0.,
       0., 0., 0., 0., 0., 0., 0., 0., 0., 0., 0., 0., 0., 0., 0., 0.,
       0., 0., 0., 0., 0., 0., 0., 0., 0., 0., 0., 0., 0., 0., 0., 0.,
       0., 0., 0., 0., 0., 0., 0., 0., 0., 0., 0., 0., 0., 0., 0., 0.,
       0., 0., 0., 0., 0., 0., 0., 0., 0., 0., 0., 0., 0., 0., 0., 0.,
       0., 0., 0., 0., 0., 0., 0., 0., 0., 0., 0., 0., 0., 0., 0., 0.,
       0., 0., 0., 0., 0., 0., 0., 0., 0., 0., 0., 0., 0., 0., 0., 0.,
       0., 0., 0., 0., 0., 0., 0., 0., 0., 0., 0., 0., 0., 0., 0., 0.,
       0., 0., 0., 0., 0., 0., 0., 0., 0., 0., 0., 0., 0., 0., 0., 0.,
       0., 0., 0., 0., 0., 0., 0., 0., 0., 0., 0., 0., 0., 0., 0., 0.,
       0., 0., 0., 0., 0., 0., 0., 0., 0., 0., 0., 0., 0., 0., 0., 0.,
       0., 0., 0., 0., 0., 0., 0., 0., 0., 0., 0., 0., 0., 0., 0., 0.,
       0., 0., 0., 0., 0., 0., 0., 0., 0., 0., 0., 0., 0., 0., 0., 0.,
       0., 0., 0., 0., 0., 0., 0., 0., 0., 0., 0., 0., 0., 0., 0., 0.,
       0., 0., 0., 0., 0., 0., 0., 0., 0., 0., 0., 0., 0., 0., 0., 0.,
       0., 0., 0., 0., 0., 0., 0., 0., 0., 0., 0., 0., 0., 0., 0., 0.,
       0., 0., 0., 0., 0., 0., 0., 0., 0., 0., 0., 0., 0., 0., 0., 0.,
       0., 0., 0., 0., 0., 0., 0., 0., 0., 0., 0., 0., 0., 0., 0., 0.,
       0., 0., 0., 0., 0., 0., 0., 0., 0., 0., 0., 0., 0., 0., 0., 0.,
       0., 0., 0., 0., 0., 0., 0., 0., 0., 0., 0., 0., 0., 0., 0., 0.,
       0., 0., 0., 0., 0., 0., 0., 0., 0., 0., 0., 0., 0., 0., 0., 0.,
       0., 0., 0., 0., 0., 0., 0., 0., 0., 0., 0., 0., 0., 0., 0., 0.,
       0., 0., 0., 0., 0., 0., 0., 0., 0., 0., 0., 0., 0., 0., 0., 0.,
       0., 0., 0., 0., 0., 0., 0., 0., 0., 0., 0., 0., 0., 0., 0., 0.,
       0., 0., 0., 0., 0., 0., 0., 0., 0., 0., 0., 0., 0., 0., 0., 0.,
       0., 0., 0., 0., 0., 0., 0., 0., 0., 0., 0., 0., 0., 0., 0., 0.,
       0., 0., 0., 0., 0., 0., 0., 0., 0., 0., 0., 0., 0., 0., 0., 0.,
       0., 0., 0., 0., 0., 0., 0., 0., 0., 0., 0., 0., 0., 0., 0., 0.,
       0., 0., 0., 0., 0., 0., 0., 0., 0., 0., 0., 0., 0., 0., 0., 0.,
       0., 0., 0., 0., 0., 0., 0., 0., 0., 0., 0., 0., 0., 0., 0., 0.,
       0., 0., 0., 0., 0., 0., 0., 0., 0., 0., 0., 0., 0., 0., 0., 0.,
       0., 0., 0., 0., 0., 0., 0., 0., 0., 0., 0., 0., 0., 0., 0., 0.,
       0., 0., 0., 0., 0., 0., 0., 0., 0., 0., 0., 0., 0., 0., 0., 0.,
       0., 0., 0., 0., 0., 0., 0., 0., 0., 0., 0., 0., 0., 0., 0., 0.,
       0., 0., 0., 0., 0., 0., 0., 0., 0., 0., 0., 0., 0., 0., 0., 0.,
       0., 0., 0., 0., 0., 0., 0., 0., 0., 0., 0., 0., 0., 0., 0., 0.,
       0., 0., 0., 0., 0., 0., 0., 0., 0., 0., 0., 0., 0., 0., 0., 0.,
       0., 0., 0., 0., 0., 0., 0., 0., 0., 0., 0., 0., 0., 0., 0., 0.,
       0., 0., 0., 0., 0., 0., 0., 0., 0., 0., 0., 0., 0., 0., 0., 0.,
       0., 0., 0., 0., 0., 0., 0., 0., 0., 0., 0., 0., 0., 0., 0., 0.,
       0., 0., 0., 0., 0., 0., 0., 0., 0., 0., 0., 0., 0., 0., 0., 0.,
       0., 0., 0., 0., 0., 0., 0., 0., 0., 0., 0., 0., 0., 0., 0., 0.,
       0., 0., 0., 0., 0., 0., 0., 0., 0., 0., 0., 0., 0., 0., 0., 0.,
       0., 0., 0., 0., 0., 0., 0., 0., 0., 0., 0., 0., 0., 0., 0., 0.,
       0., 0., 0., 0., 0., 0., 0., 0., 0., 0., 0., 0., 0., 0., 0., 0.,
       0., 0., 0., 0., 0., 0., 0., 0., 0., 0., 0., 0., 0., 0., 0., 0.,
       0., 0., 0., 0., 0., 0., 0., 0., 0., 0., 0., 0., 0., 0., 0., 0.,
       0., 0., 0., 0., 0., 0., 0., 0., 0., 0., 0., 0., 0., 0., 0., 0.,
       0., 0., 0., 0., 0., 0., 0., 0., 0., 0., 0., 0., 0., 0., 0., 0.,
       0., 0., 0., 0., 0., 0., 0., 0., 0., 0., 0., 0., 0., 0., 0., 0.,
       0., 0., 0., 0., 0., 0., 0., 0., 0., 0., 0., 0., 0., 0., 0., 0.,
       0., 0., 0., 0., 0., 0., 0., 0., 0., 0., 0., 0., 0., 0., 0., 0.,
       0., 0., 0., 0., 0., 0., 0., 0., 0., 0., 0., 0., 0., 0., 0., 0.,
       0., 0., 0., 0., 0., 0., 0., 0., 0., 0., 0., 0., 0., 0., 0., 0.,
       0., 0., 0., 0., 0., 0., 0., 0., 0., 0., 0., 0., 0., 0., 0., 0.,
       0., 0., 0., 0., 0., 0., 0., 0., 0., 0., 0., 0., 0., 0., 0., 0.,
       0., 0., 0., 0., 0., 0., 0., 0., 0., 0., 0., 0., 0., 0., 0., 0.,
       0., 0., 0., 0., 0., 0., 0., 0., 0., 0., 0., 0., 0., 0., 0., 0.,
       0., 0., 0., 0., 0., 0., 0., 0., 0., 0., 0., 0., 0., 0., 0., 0.,
       0., 0., 0., 0., 0., 0., 0., 0., 0., 0., 0., 0., 0., 0., 0., 0.,
       0., 0., 0., 0., 0., 0., 0., 0., 0., 0., 0., 0., 0., 0., 0., 0.,
       0., 0., 0., 0., 0., 0., 0., 0., 0., 0., 0., 0., 0., 0., 0., 0.,
       0., 0., 0., 0., 0., 0., 0., 0., 0., 0., 0., 0., 0., 0., 0., 0.,
       0., 0., 0., 0., 0., 0., 0., 0., 0., 0., 0., 0., 0., 0., 0., 0.,
       0., 0., 0., 0., 0., 0., 0., 0., 0., 0., 0., 0., 0., 0., 0., 0.,
       0., 0., 0., 0., 0., 0., 0., 0., 0., 0., 0., 0., 0., 0., 0., 0.,
       0., 0., 0., 0., 0., 0., 0., 0., 0., 0., 0., 0., 0., 0., 0., 0.,
       0., 0., 0., 0., 0., 0., 0., 0., 0., 0., 0., 0., 0., 0., 0., 0.,
       0., 0., 0., 0., 0., 0., 0., 0., 0., 0., 0., 0., 0., 0., 0., 0.,
       0., 0., 0., 0., 0., 0., 0., 0., 0., 0., 0., 0., 0., 0., 0., 0.,
       0., 0., 0., 0., 0., 0., 0., 0., 0., 0., 0., 0., 0., 0., 0., 0.,
       0., 0., 0., 0., 0., 0., 0., 0., 0., 0., 0., 0., 0., 0., 0., 0.,
       0., 0., 0., 0., 0., 0., 0., 0., 0., 0., 0., 0., 0., 0., 0., 0.,
       0., 0., 0., 0., 0., 0., 0., 0., 0., 0., 0., 0., 0., 0., 0., 0.,
       0., 0., 0., 0., 0., 0., 0., 0., 0., 0., 0., 0., 0., 0., 0., 0.,
       0., 0., 0., 0., 0., 0., 0., 0., 0., 0., 0., 0., 0., 0., 0., 0.,
       0., 0., 0., 0., 0., 0., 0., 0., 0., 0., 0., 0., 0., 0., 0., 0.,
       0., 0., 0., 0., 0., 0., 0., 0., 0., 0., 0., 0., 0., 0., 0., 0.,
       0., 0., 0., 0., 0., 0., 0., 0., 0., 0., 0., 0., 0., 0., 0., 0.,
       0., 0., 0., 0., 0., 0., 0., 0., 0., 0., 0., 0., 0., 0., 0., 0.,
       0., 0., 0., 0., 0., 0., 0., 0., 0., 0., 0., 0., 0., 0., 0., 0.,
       0., 0., 0., 0., 0., 0., 0., 0., 0., 0., 0., 0., 0., 0., 0., 0.,
       0., 0., 0., 0., 0., 0., 0., 0., 0., 0., 0., 0., 0., 0., 0., 0.,
       0., 0., 0., 0., 0., 0., 0., 0., 0., 0., 0., 0., 0., 0., 0., 0.,
       0., 0., 0., 0., 0., 0., 0., 0., 0., 0., 0., 0., 0., 0., 0., 0.,
       0., 0., 0., 0., 0., 0., 0., 0., 0., 0., 0., 0., 0., 0., 0., 0.,
       0., 0., 0., 0., 0., 0., 0., 0., 0., 0., 0., 0., 0., 0., 0., 0.,
       0., 0., 0., 0., 0., 0., 0., 0., 0., 0., 0., 0., 0., 0., 0., 0.,
       0., 0., 0., 0., 0., 0., 0., 0., 0., 0., 0., 0., 0., 0., 0., 0.,
       0., 0., 0., 0., 0., 0., 0., 0., 0., 0., 0., 0., 0., 0., 0., 0.,
       0., 0., 0., 0., 0., 0., 0., 0., 0., 0., 0., 0., 0., 0., 0., 0.,
       0., 0., 0., 0., 0., 0., 0., 0., 0., 0., 0., 0., 0., 0., 0., 0.,
       0., 0., 0., 0., 0., 0., 0., 0., 0., 0., 0., 0., 0., 0., 0., 0.,
       0., 0., 0., 0., 0., 0., 0., 0., 0., 0., 0., 0., 0., 0., 0., 0.,
       0., 0., 0., 0., 0., 0., 0., 0., 0., 0., 0., 0., 0., 0., 0., 0.,
       0., 0., 0., 0., 0., 0., 0., 0., 0., 0., 0., 0., 0., 0., 0., 0.,
       0., 0., 0., 0., 0., 0., 0., 0., 0., 0., 0., 0., 0., 0., 0., 0.,
       0., 0., 0., 0., 0., 0., 0., 0., 0., 0., 0., 0., 0., 0., 0., 0.,
       0., 0., 0., 0., 0., 0., 0., 0., 0., 0., 0., 0., 0., 0., 0., 0.,
       0., 0., 0., 0., 0., 0., 0., 0., 0., 0., 0., 0., 0., 0., 5., 4.,
       11., 22., 3., 3., 0., 0., 19., 8., 0., 21., 25., 58., 0., 15., 0.,
       2., 0., 61., 0., 37., 17., 1., 0., 47., 3., 0., 0., 0., 20., 7.,
       31., 0., 5., 20., 0., 29., 0., 33., 1., 20., 0., 22., 2., 0., 10.,
       63., 11., 8., 6., 20., 31., 0., 1., 6., 8., 7., 10., 3., 30., 5.,
       3., 35., 11., 10., 5., 0., 18., 24., 0., 2., 66., 1., 0., 18., 0.,
       12., 3., 15., 4., 63., 9., 30., 66., 0., 2., 48., 1., 6., 48.,
       28., 5., 61., 15., 50., 15., 3., 0., 1., 10., 10., 28., 24., 18.,
       0., 32., 4., 15., 0., 5., 12., 6., 3., 12., 4., 5., 0., 65., 0.,
       27., 13., 25., 3., 3., 5., 42., 18., 2.45000000e+001,
       6.50000000e+000, 27., 16., 1.05000000e+001, 1.95000000e+001,
       4.50000000e+000, 10., 5.50000000e+000, 10., 1.85000000e+001, 5.,
       1.15000000e+001, 1., 4.55000000e+001, 2.05000000e+001, 41., 30.,
       2.95000000e+001, 26., 8.50000000e+000, 2.35000000e+001, 37., 15.,
       5., 3.50000000e+000, 0., 2.05000000e+001, 2.50000000e+000,
       7.50000000e+000, 3.35000000e+001, 4.50000000e+000,
       2.35000000e+001, 15., 5.00000000e-001, 21., 1.35000000e+001, 4.,
       8.50000000e+000, 1., 2.50000000e+000, 5.00000000e-001, 5., 4.,
       4.50000000e+000, 2., 2.50000000e+000, 0., 3., 2.50000000e+000,
       12., 3., 1.05000000e+001, 9., 4.50000000e+000, 1.55000000e+001,
       9., 0., 13., 5., 17., 2., 4.50000000e+000, 1., 7., 3., 4., 0., 1.,
       0., 0., 0., 0., 5.00000000e-001, 5.00000000e-001, 0., 4., 0., 4.,
       3., 5.00000000e-001, 14., 1., 1.25000000e+001, 1.45000000e+001,
       1., 0., 6.50000000e+000, 0., 5.00000000e-001, 2.50000000e+000,
       3.50000000e+000, 9., 0., 5.00000000e-001, 8., 5., 1.45000000e+001,
       0., 5.50000000e+000, 0., 5.00000000e-001, 1., 1., 0.,
       2.50000000e+000, 1.55000000e+001, 10., 5.00000000e-001, 1.,
       4.50000000e+000, 2., 25., 3.15000000e+001, 6., 9.50000000e+000,
       1.05000000e+001, 0., 32., 2.65000000e+001, 1.05000000e+001,
       3.55000000e+001, 10., 0., 1.25000000e+001, 7.50000000e+000, 18.,
       2.05000000e+001, 0., 0., 0., 0., 0., 0., 0., 0., 0., 0., 0., 0.,
       0., 0., 0., 0., 0., 0., 0., 0., 0., 0., 0., 0., 0., 0., 0., 0.,
       0., 0., 0., 0., 0., 0., 0., 0., 0., 0., 0., 0., 0., 0., 0., 0.,
       0., 0., 0., 0., 0., 0., 0., 0., 0., 0., 0., 0., 0., 0., 0., 0.,
       0., 0., 0., 0., 0., 0., 0., 0., 0., 0., 0., 0., 0., 0., 0., 0.,
       0., 0., 0., 0., 0., 0., 0., 0., 0., 0., 0., 0., 0., 0., 0., 0.,
       0., 0., 0., 0., 0., 0., 0., 0., 0., 0., 0., 0., 0., 0., 0., 0.,
       0., 0., 0., 0., 0., 0., 0., 0., 0., 0., 0., 0., 0., 0., 0., 0.,
       0., 0., 0., 0., 0., 0., 0., 0., 0., 0., 0., 0., 0., 0., 0., 0.,
       0., 0., 0., 0., 0., 0., 0., 0., 0., 0., 0., 0., 0., 0., 0., 0.,
       0., 0., 0., 0., 0., 0., 0., 0., 0., 0., 0., 0., 0., 0., 0., 0.,
       0., 0., 0., 0., 0., 0., 0., 0., 0., 0., 0., 0., 0., 0., 0., 0.,
       0., 0., 0., 0., 0., 0., 0., 0., 0., 0., 0., 0., 0., 0., 0., 0.,
       0., 0., 0., 0., 0., 0., 0., 0., 0., 0., 0., 0., 0., 0., 0., 0.,
       0., 0., 0., 0., 0., 0., 0., 0., 0., 0., 0., 0., 0., 0., 0., 0.,
       0., 0., 0., 0., 0., 0., 0., 0., 0., 0., 0., 0., 0., 0., 0., 0.,
       0., 0., 0., 0., 0., 0., 0., 0., 0., 0., 0., 0., 0., 0., 0., 0.,
       0., 0., 0., 0., 0., 0., 0., 0., 0., 0., 0., 0., 0., 0., 0., 0.,
       0., 0., 0., 0., 0., 0., 0., 0., 0., 0., 0., 0., 0., 0., 0., 0.,
       0., 0., 0., 0., 0., 0., 0., 0., 0., 0., 0., 0., 0., 0., 0., 0.,
       0., 0., 0., 0., 0., 0., 0., 0., 0., 0., 0., 0., 0., 0., 0., 0.,
       0., 0., 0., 0., 0., 0., 0., 0., 0., 0., 0., 0., 0., 0., 0., 0.,
       0., 0., 0., 0., 0., 0., 0., 0., 0., 0., 0., 0., 0., 0., 0., 0.,
       0., 0., 0., 0., 0., 0., 0., 0., 0., 0., 0., 0., 0., 0., 0., 0.,
       0., 0., 0., 0., 1.66666675e+000, 6.33333349e+000, 4.66666698e+000,
       10., 1.66666675e+000, 3.36666679e+001, 3.66666675e+000, 0., 7.,
       9., 6.66666698e+000, 1.36666670e+001, 6., 7., 1.26666670e+001,
       4.33333349e+000, 8.66666698e+000, 4.66666698e+000,
       2.56666679e+001, 1.06666670e+001, 2.03333340e+001,
       3.66666675e+000, 3.33333349e+000, 1., 7.33333349e+000,
       1.93333340e+001, 0., 2.03333340e+001, 9.66666698e+000, 6., 10.,
       6.66666698e+000, 4.33333349e+000, 1.66666675e+000, 9.,
       1.33333337e+000, 11., 2.96666679e+001, 1.26666670e+001,
       1.46666670e+001, 1.36666670e+001, 1.33333337e+000,
       2.56666679e+001, 1.53333340e+001, 24., 1., 6., 6.66666698e+000,
       10., 22., 2.06666679e+001, 20., 3.33333349e+000, 8.33333397e+000,
       1.46666670e+001, 1.16666670e+001, 2., 1.63333340e+001,
       4.33333349e+000, 4., 5., 2.43333340e+001, 10., 2.66666675e+000,
       23., 4., 5., 8.66666698e+000, 1.03333340e+001, 7.33333349e+000,
       2.23333340e+001, 4.33333349e+000, 9.66666698e+000,
       4.66666698e+000, 19., 2.33333349e+000, 8.66666698e+000,
       1.66666675e+000, 1.36666670e+001, 13., 16., 7.33333349e+000,
       2.73333340e+001, 13., 1.76666679e+001, 4.66666698e+000, 13., 16.,
       7.66666698e+000, 6.33333349e+000, 2.33333349e+000,
       2.56666679e+001, 5., 3.13333340e+001, 5.66666698e+000, 16., 4.,
       3.33333349e+000, 34., 31., 20., 3.76666679e+001, 1.36666670e+001,
       26., 3.66666679e+001, 5.66666698e+000, 6.66666687e-001,
       3.33333343e-001, 3.66666675e+000, 3.66666675e+000,
       1.43333340e+001, 1.66666675e+000, 7.66666698e+000,
       1.86666679e+001, 1.26666670e+001, 26., 1.33333337e+000, 6., 2.,
       22., 1., 3.13333340e+001, 2.93333340e+001, 5., 1.03333340e+001,
       9.33333397e+000, 9.66666698e+000, 2.86666679e+001, 1., 10., 1.,
       0., 0., 1., 7., 0., 13., 0., 1., 2., 1., 1., 5., 0., 14., 0., 4.,
       0., 1., 0., 3., 0., 1., 0., 0., 2., 0., 2., 1., 0., 6., 0., 6.,
       29., 0., 13., 0., 12., 2., 11., 3., 8., 12., 0., 0., 6., 5., 0.,
       34., 17., 14., 5., 0., 6., 15., 12., 0., 6., 4., 0., 0., 2., 0.,
       0., 18., 0., 9., 0., 0., 6., 0., 0., 2., 6., 0., 2., 33., 0., 8.,
       0., 8., 2., 42., 4., 38., 6., 31., 45., 44., 6., 0., 3., 5., 34.,
       0., 11., 15., 5., 35., 19., 24., 43., 37., 36., 3., 28., 0., 65.,
       21., 29., 4., 23., 63., 6., 51., 3., 38., 0., 0., 27., 17., 7.,
       40., 52., 29., 2., 0., 0., 0., 0., 0., 0., 0., 0., 0., 0., 0., 0.,
       0., 0., 0., 0., 0., 0., 0., 0., 0., 0., 0., 0., 0., 0., 0., 0.,
       0., 0., 0., 0., 0., 0., 0., 0., 0., 0., 0., 0., 0., 0., 0., 0.,
       0., 0., 0., 0., 0., 0., 0., 0., 0., 0., 0., 0., 0., 0., 0., 0.,
       0., 0., 0., 0., 0., 0., 0., 0., 0., 0., 0., 0., 0., 0., 0., 0.,
       0., 0., 0., 0., 0., 0., 0., 0., 0., 0., 0., 0., 0., 0., 0., 0.,
       0., 0., 0., 0., 0., 0., 0., 0., 0., 0., 0., 0., 0., 0., 0., 0.,
       0., 0., 0., 0., 0., 0., 0., 0., 0., 0., 0., 0., 0., 0., 0., 0.,
       0., 0., 0., 0., 0., 0., 0., 0., 0., 0., 0., 0., 0., 0., 0., 0.,
       0., 0., 0., 0., 0., 0., 0., 0., 0., 0., 0., 0., 0., 0., 0., 0.,
       0., 0., 0., 0., 0., 0., 0., 0., 0., 0., 0., 0., 0., 0., 0., 0.,
       0., 0., 0., 0., 0., 0., 0., 0., 0., 0., 0., 0., 0., 0., 0., 0.,
       0., 0., 0., 0., 0., 0., 0., 0., 0., 0., 0., 0., 0., 0., 0., 0.,
       0., 0., 0., 0., 0., 0., 0., 0., 0., 0., 0., 0., 0., 0., 0., 0.,
       0., 0., 0., 0., 0., 0., 0., 0., 0., 0., 0., 0., 0., 0., 0., 0.,
       0., 0., 0., 0., 0., 0., 0., 0., 0., 0., 0., 0., 0., 0., 0., 0.,
       0., 0., 0., 0., 0., 0., 0., 0., 0., 0., 0., 0., 0., 0., 0., 0.,
       0., 0., 0., 0., 0., 0., 0., 0., 0., 0., 0., 0., 0., 0., 0., 0.,
       0., 0., 0., 0., 0., 0., 0., 0., 0., 0., 0., 0., 0., 0., 0., 0.,
       0., 0., 0., 0., 0., 0., 0., 0., 0., 0., 0., 0., 0., 0., 0., 0.,
       0., 0., 0., 0., 0., 0., 0., 0., 0., 0., 0., 0., 0., 0., 0., 0.,
       0., 0., 0., 0., 0., 0., 0., 0., 0., 0., 0., 0., 0., 0., 0., 0.,
       0., 0., 0., 0., 0., 0., 0., 0., 0., 0., 0., 0., 0., 0., 0., 0.,
       0., 0., 0., 0., 0., 0., 0., 0., 0., 0., 0., 0., 0., 0., 0., 0.,
       0., 0., 0., 0., 0., 0., 0., 0., 0., 0., 0., 0., 0., 0., 0., 0.,
       0., 0., 0., 0., 0., 0., 0., 0., 0., 0., 0., 0., 0., 0., 0., 0.,
       0., 0., 0., 0., 0., 0., 0., 0., 0., 0., 0., 0., 0., 0., 0., 0.,
       0., 0., 0., 0., 0., 0., 0., 0., 0., 0., 0., 0., 0., 0., 0., 0.,
       0., 0., 0., 0., 0., 0., 0., 0., 0., 0., 0., 0., 0., 0., 0., 0.,
       0., 0., 0., 0., 0., 0., 0., 0., 0., 0., 0., 0., 0., 0., 0., 0.,
       0., 0., 0., 0., 0., 0., 0., 0., 0., 0., 0., 0., 0., 0., 0., 0.,
       0., 0., 0., 0., 0., 0., 0., 0., 0., 0., 0., 0., 0., 0., 0., 0.,
       0., 0., 0., 0., 0., 0., 0., 0., 0., 0., 0., 0., 0., 0., 0., 0.,
       0., 0., 0., 0., 0., 0., 0., 0., 0., 0., 0., 0., 0., 0., 0., 0.,
       0., 0., 0., 0., 0., 0., 0., 0., 0., 0., 0., 0., 0., 0., 0., 0.,
       0., 0., 0., 0., 0., 0., 0., 0., 0., 0., 0., 0., 0., 0., 0., 0.,
       0., 0., 0., 0., 0., 0., 0., 0., 0., 0., 0., 0., 0., 0., 0., 0.,
       0., 0., 0., 0., 0., 0., 0., 0., 0., 0., 0., 0., 0., 0., 0., 0.,
       0., 0., 0., 0., 0., 0., 0., 0., 0., 0., 0., 0., 0., 0., 0., 0.,
       0., 0., 0., 0., 0., 0., 0., 0., 0., 0., 0., 0., 0., 0., 0., 0.,
       0., 0., 0., 0., 0., 0., 0., 0., 0., 0., 0., 0., 0., 0., 0., 0.,
       0., 0., 0., 0., 0., 0., 0., 0., 0., 0., 0., 0., 0., 0., 0., 0.,
       0., 0., 0., 0., 0., 0., 0., 0., 0., 0., 0., 0., 0., 0., 0., 0.,
       0., 0., 0., 0., 0., 0., 0., 0., 0., 0., 0., 0., 0., 0., 0., 0.,
       0., 0., 0., 0., 0., 0., 0., 0., 0., 0., 0., 0., 0., 0., 0., 0.,
       0., 0., 0., 0., 0., 0., 0., 0., 0., 0., 0., 0., 0., 0., 0., 0.,
       0., 0., 0., 0., 0., 0., 0., 0., 0., 0., 0., 0., 0., 0., 0., 0.,
       0., 0., 0., 0., 0., 0., 0., 0., 0., 0., 0., 0., 0., 0., 0., 0.,
       0., 0., 0., 0. ]
